Segment        Offset         Length         
0              0              8              
1              0              608            
2              680            512            
3              8190804        704            
4              136            544            
5              1504           328            
6              800            512            
7              840            1056           
8              292176         352            
9              49072          328            
10             1832           512            
11             49400          512            
12             49552          512            
13             49704          512            
14             50776          328            
15             49856          512            
16             50008          512            
17             50336          512            
18             50456          512            
19             291712         328            
20             50616          512            
21             291144         512            
22             291304         512            
23             291440         512            
24             291576         512            
25             292040         512            
26             50160          512            
27             292528         512            
28             50296          512            
29             315464         544            
30             292664         512            
31             530236         352            
32             316008         328            
33             292784         512            
34             292936         512            
35             316336         512            
36             316488         512            
37             528876         328            
38             316640         512            
39             316792         512            
40             317120         512            
41             317240         512            
42             529772         328            
43             528716         512            
44             529204         512            
45             529364         512            
46             529500         512            
47             529636         512            
48             530100         512            
49             316944         512            
50             530588         512            
51             317080         512            
52             563804         1056           
53             624044         352            
54             564620         328            
55             564468         512            
56             564948         512            
57             565100         512            
58             565252         512            
59             606604         328            
60             565404         512            
61             565556         512            
62             565708         512            
63             606284         512            
64             607500         328            
65             606444         512            
66             606932         512            
67             607092         512            
68             607228         512            
69             607364         512            
70             607828         512            
71             606108         512            
72             607964         512            
73             530724         512            
74             624396         1056           
75             737044         352            
76             625212         328            
77             625060         512            
78             625540         512            
79             625692         512            
80             625844         512            
81             683092         328            
82             682172         512            
83             682324         512            
84             682652         512            
85             682772         512            
86             736716         328            
87             682932         512            
88             683420         512            
89             683580         512            
90             683716         512            
91             683852         512            
92             683988         512            
93             682476         512            
94             737396         512            
95             1146092        328            
96             606244         512            
97             737532         1056           
98             775752         352            
99             738348         328            
100            738196         512            
101            747116         512            
102            747268         512            
103            747420         512            
104            748492         328            
105            747572         512            
106            747724         512            
107            748052         512            
108            748172         512            
109            775288         328            
110            748332         512            
111            748820         512            
112            748980         512            
113            775016         512            
114            775152         512            
115            775616         512            
116            747876         512            
117            776104         512            
118            682612         512            
119            776240         1056           
120            811900         352            
121            780568         328            
122            776904         512            
123            780896         512            
124            781048         512            
125            781200         512            
126            782272         328            
127            781352         512            
128            781504         512            
129            781832         512            
130            781952         512            
131            811436         328            
132            782112         512            
133            810868         512            
134            811028         512            
135            811164         512            
136            811300         512            
137            811764         512            
138            781656         512            
139            812252         512            
140            748012         512            
141            816068         544            
142            812388         512            
143            1003216        352            
144            816612         328            
145            812508         512            
146            812660         512            
147            816940         512            
148            817092         512            
149            1001856        328            
150            817244         512            
151            817396         512            
152            817724         512            
153            817844         512            
154            1002752        328            
155            1001696        512            
156            1002184        512            
157            1002344        512            
158            1002480        512            
159            1002616        512            
160            1003080        512            
161            817548         512            
162            1003568        512            
163            781792         512            
164            1026828        1056           
165            1144900        352            
166            1027644        328            
167            1027492        512            
168            1027972        512            
169            1028124        512            
170            1028276        512            
171            1111804        328            
172            1028428        512            
173            1028580        512            
174            1028732        512            
175            1111484        512            
176            1112700        328            
177            1111644        512            
178            1112132        512            
179            1112292        512            
180            1112428        512            
181            1112564        512            
182            1113028        512            
183            1111308        512            
184            1113164        512            
185            1756072        328            
186            817684         512            
187            1145252        1056           
188            1266236        352            
189            1146572        328            
190            1146420        512            
191            1165940        512            
192            1166092        512            
193            1166244        512            
194            1167316        328            
195            1166396        512            
196            1166548        512            
197            1166876        512            
198            1166996        512            
199            1265772        328            
200            1167156        512            
201            1167644        512            
202            1167804        512            
203            1265500        512            
204            1265636        512            
205            1266100        512            
206            1166700        512            
207            1266588        512            
208            1003704        512            
209            1266724        1056           
210            1325404        352            
211            1278644        328            
212            1267388        512            
213            1278972        512            
214            1279124        512            
215            1279276        512            
216            1280348        328            
217            1279428        512            
218            1279580        512            
219            1279908        512            
220            1280028        512            
221            1324940        328            
222            1280188        512            
223            1324372        512            
224            1324532        512            
225            1324668        512            
226            1324804        512            
227            1325268        512            
228            1279732        512            
229            1325756        512            
230            1111444        512            
231            1330996        544            
232            1325892        512            
233            1445032        352            
234            1331540        328            
235            1326012        512            
236            1326164        512            
237            1331868        512            
238            1332020        512            
239            1443672        328            
240            1332172        512            
241            1332324        512            
242            1332652        512            
243            1332772        512            
244            1444568        328            
245            1443512        512            
246            1444000        512            
247            1444160        512            
248            1444296        512            
249            1444432        512            
250            1444896        512            
251            1332476        512            
252            1445384        512            
253            1166836        512            
254            1463644        1056           
255            1755056        352            
256            1464460        328            
257            1464308        512            
258            1464788        512            
259            1464940        512            
260            1465092        512            
261            1678012        328            
262            1465244        512            
263            1465396        512            
264            1465548        512            
265            1677692        512            
266            1678908        328            
267            1677852        512            
268            1678340        512            
269            1678500        512            
270            1678636        512            
271            1678772        512            
272            1679236        512            
273            1677516        512            
274            1679372        512            
275            2995108        328            
276            1279868        512            
277            1755408        1056           
278            1996876        352            
279            1756552        328            
280            1756400        512            
281            1756880        512            
282            1823984        512            
283            1824136        512            
284            1825208        328            
285            1824288        512            
286            1824440        512            
287            1824768        512            
288            1824888        512            
289            1996412        328            
290            1825048        512            
291            1825536        512            
292            1825696        512            
293            1825832        512            
294            1996276        512            
295            1996740        512            
296            1824592        512            
297            1997228        512            
298            1332612        512            
299            1997364        1056           
300            2089452        352            
301            2014156        328            
302            1998028        512            
303            2014484        512            
304            2014636        512            
305            2014788        512            
306            2015740        328            
307            2014940        512            
308            2015092        512            
309            1998180        512            
310            2015420        512            
311            2088988        328            
312            2015580        512            
313            2088556        512            
314            2016068        512            
315            2088716        512            
316            2088852        512            
317            2089316        512            
318            2015244        512            
319            2089804        512            
320            1445520        512            
321            2089940        1056           
322            2285780        352            
323            2119572        328            
324            2119420        512            
325            2119900        512            
326            2120052        512            
327            2120204        512            
328            2284580        328            
329            2120356        512            
330            2120508        512            
331            2120836        512            
332            2120956        512            
333            2285316        328            
334            2121116        512            
335            2121276        512            
336            2284908        512            
337            2285044        512            
338            2285180        512            
339            2285644        512            
340            2120660        512            
341            2286132        512            
342            1677652        512            
343            2321120        544            
344            2286268        512            
345            2854368        352            
346            2321664        328            
347            2286388        512            
348            2321992        512            
349            2322144        512            
350            2322296        512            
351            2853008        328            
352            2322448        512            
353            2322600        512            
354            2322928        512            
355            2852688        512            
356            2853904        328            
357            2852848        512            
358            2853336        512            
359            2853496        512            
360            2853632        512            
361            2853768        512            
362            2854232        512            
363            2322752        512            
364            2994428        512            
365            3744992        328            
366            1824728        512            
367            2994564        544            
368            2323048        512            
369            3250036        352            
370            2995588        328            
371            2995436        512            
372            2995916        512            
373            2996068        512            
374            2996220        512            
375            3163524        328            
376            3162604        512            
377            3162756        512            
378            3163084        512            
379            3163204        512            
380            3249708        328            
381            3163364        512            
382            3163852        512            
383            3164012        512            
384            3164148        512            
385            3164284        512            
386            3164420        512            
387            3162908        512            
388            3250388        512            
389            2015380        512            
390            3250524        1056           
391            3578472        352            
392            3251340        328            
393            3251188        512            
394            3343884        512            
395            3344036        512            
396            3344188        512            
397            3345260        328            
398            3344340        512            
399            3344492        512            
400            3344820        512            
401            3344940        512            
402            3578008        328            
403            3345100        512            
404            3345588        512            
405            3345748        512            
406            3577736        512            
407            3577872        512            
408            3578336        512            
409            3344644        512            
410            3578824        512            
411            2120796        512            
412            3578960        1056           
413            3654944        352            
414            3596208        328            
415            3579624        512            
416            3596536        512            
417            3596688        512            
418            3596840        512            
419            3597912        328            
420            3596992        512            
421            3597144        512            
422            3597472        512            
423            3597592        512            
424            3654480        328            
425            3597752        512            
426            3653912        512            
427            3654072        512            
428            3654208        512            
429            3654344        512            
430            3654808        512            
431            3597296        512            
432            3655296        512            
433            2322888        512            
434            3661144        544            
435            3655432        512            
436            3722652        352            
437            3661688        328            
438            1145828        512            
439            3662016        512            
440            3662168        512            
441            3662320        512            
442            3721292        328            
443            3662472        512            
444            3662624        512            
445            3662952        512            
446            3720972        512            
447            3722188        328            
448            3721132        512            
449            3721620        512            
450            3721780        512            
451            3721916        512            
452            3722052        512            
453            3722516        512            
454            3662776        512            
455            3744312        512            
456            5257532        328            
457            3163044        512            
458            3744448        544            
459            3663072        512            
460            4522196        352            
461            3745472        328            
462            3745320        512            
463            3745800        512            
464            3745952        512            
465            3746104        512            
466            4174352        328            
467            4173432        512            
468            4173584        512            
469            4173912        512            
470            4174032        512            
471            4521868        328            
472            4174192        512            
473            4174680        512            
474            4174840        512            
475            4174976        512            
476            4175112        512            
477            4175248        512            
478            4173736        512            
479            4522548        512            
480            3344780        512            
481            4522684        1056           
482            4697548        352            
483            4523500        328            
484            4523348        512            
485            4576164        512            
486            4576316        512            
487            4576468        512            
488            4577540        328            
489            4576620        512            
490            4576772        512            
491            4577100        512            
492            4577220        512            
493            4697084        328            
494            4577380        512            
495            4577868        512            
496            4578028        512            
497            4696812        512            
498            4696948        512            
499            4697412        512            
500            4576924        512            
501            4697900        512            
502            3597432        512            
503            4698036        1056           
504            4977140        352            
505            4733948        328            
506            4698700        512            
507            4734276        512            
508            4734428        512            
509            4734580        512            
510            4735652        328            
511            4734732        512            
512            4734884        512            
513            4735212        512            
514            4735332        512            
515            4976676        328            
516            4735492        512            
517            4976108        512            
518            4976268        512            
519            4976404        512            
520            4976540        512            
521            4977004        512            
522            4735036        512            
523            4977492        512            
524            3662912        512            
525            5001644        544            
526            4977628        512            
527            5207512        352            
528            5002188        328            
529            4977748        512            
530            4977900        512            
531            5002516        512            
532            5002668        512            
533            5206152        328            
534            5002820        512            
535            5002972        512            
536            5003300        512            
537            5003420        512            
538            5207048        328            
539            5205992        512            
540            5206480        512            
541            5206640        512            
542            5206776        512            
543            5206912        512            
544            5207376        512            
545            5003124        512            
546            5207864        512            
547            5690976        328            
548            4173872        512            
549            5256868        1056           
550            5328140        352            
551            5258012        328            
552            5257860        512            
553            5258340        512            
554            5258492        512            
555            5258644        512            
556            5277684        328            
557            5276884        512            
558            5277036        512            
559            5258796        512            
560            5277364        512            
561            5278580        328            
562            5277524        512            
563            5278012        512            
564            5278172        512            
565            5278308        512            
566            5278444        512            
567            5328004        512            
568            5277188        512            
569            5328492        512            
570            4577060        512            
571            5328628        1056           
572            5419332        352            
573            5329444        328            
574            5329292        512            
575            5329772        512            
576            5345564        512            
577            5345716        512            
578            5346668        328            
579            5345868        512            
580            5346020        512            
581            5329924        512            
582            5346348        512            
583            5418868        328            
584            5346508        512            
585            5346996        512            
586            5347156        512            
587            5347292        512            
588            5347428        512            
589            5419196        512            
590            5346172        512            
591            5419684        512            
592            4735172        512            
593            5419820        1056           
594            5639520        352            
595            5441316        328            
596            5420484        512            
597            5420636        512            
598            5441644        512            
599            5441796        512            
600            5442748        328            
601            5441948        512            
602            5442100        512            
603            5420788        512            
604            5442428        512            
605            5639056        328            
606            5442588        512            
607            5443076        512            
608            5638648        512            
609            5638784        512            
610            5638920        512            
611            5639384        512            
612            5442252        512            
613            5639872        512            
614            5003260        512            
615            5640008        544            
616            5443236        512            
617            5690368        352            
618            5659744        328            
619            5659592        512            
620            5660072        512            
621            5660224        512            
622            5660376        512            
623            5689304        328            
624            5660528        512            
625            5660680        512            
626            5640552        512            
627            5661008        512            
628            5689904        328            
629            5661168        512            
630            5661328        512            
631            5661488        512            
632            5689632        512            
633            5689768        512            
634            5690232        512            
635            5660832        512            
636            5690720        512            
637            6634108        328            
638            5208000        512            
639            5696056        544            
640            5690856        512            
641            5913804        352            
642            5696752        328            
643            5696600        512            
644            5697080        512            
645            5697232        512            
646            5697384        512            
647            5868112        328            
648            5697536        512            
649            5697688        512            
650            5867672        512            
651            5867792        512            
652            5869008        328            
653            5867952        512            
654            5868440        512            
655            5868600        512            
656            5868736        512            
657            5868872        512            
658            5869336        512            
659            5869472        512            
660            5697840        512            
661            5277324        512            
662            5914156        544            
663            5697976        512            
664            6044144        352            
665            5914852        328            
666            5914700        512            
667            5915180        512            
668            5915332        512            
669            5915484        512            
670            6013132        328            
671            5915636        512            
672            6012364        512            
673            6012692        512            
674            6012812        512            
675            6014028        328            
676            6012972        512            
677            6013460        512            
678            6013620        512            
679            6013756        512            
680            6013892        512            
681            6044008        512            
682            6012516        512            
683            6044496        512            
684            5346308        512            
685            6044632        1056           
686            6489840        352            
687            6045448        328            
688            6045296        512            
689            6045776        512            
690            6141656        512            
691            6141808        512            
692            6142760        328            
693            6141960        512            
694            6142112        512            
695            6045928        512            
696            6142440        512            
697            6489376        328            
698            6142600        512            
699            6143088        512            
700            6143248        512            
701            6143384        512            
702            6143520        512            
703            6489704        512            
704            6142264        512            
705            6490192        512            
706            5442388        512            
707            6490328        1056           
708            6625004        352            
709            6522784        328            
710            6490992        512            
711            6491144        512            
712            6523112        512            
713            6523264        512            
714            6524216        328            
715            6523416        512            
716            6523568        512            
717            6491296        512            
718            6523896        512            
719            6624540        328            
720            6524056        512            
721            6524544        512            
722            6624132        512            
723            6624268        512            
724            6624404        512            
725            6624868        512            
726            6523720        512            
727            6625356        512            
728            7553580        328            
729            5660968        512            
730            6625492        544            
731            6524704        512            
732            6716356        352            
733            6634588        328            
734            6634436        512            
735            6634916        512            
736            6635068        512            
737            6635220        512            
738            6715132        328            
739            6635372        512            
740            6635524        512            
741            6626036        512            
742            6635852        512            
743            6715892        328            
744            6714972        512            
745            6715460        512            
746            6636012        512            
747            6715620        512            
748            6715756        512            
749            6716220        512            
750            6635676        512            
751            6716708        512            
752            6012652        512            
753            6732576        544            
754            6716844        512            
755            7152588        352            
756            6733272        328            
757            6733120        512            
758            6733600        512            
759            6733752        512            
760            6733904        512            
761            7151228        328            
762            6734056        512            
763            6734208        512            
764            6716876        512            
765            7150908        512            
766            7152124        328            
767            7151068        512            
768            7151556        512            
769            7151716        512            
770            7151852        512            
771            7151988        512            
772            7152452        512            
773            6734360        512            
774            7252204        512            
775            6142400        512            
776            7252340        544            
777            6734496        512            
778            7491292        352            
779            7253036        328            
780            7252884        512            
781            7253364        512            
782            7253516        512            
783            7253668        512            
784            7432812        328            
785            7253820        512            
786            7253972        512            
787            7254124        512            
788            7432492        512            
789            7433708        328            
790            7432652        512            
791            7433140        512            
792            7433300        512            
793            7433436        512            
794            7433572        512            
795            7434036        512            
796            7432316        512            
797            7434172        512            
798            6523856        512            
799            7491644        1056           
800            7552428        352            
801            7492460        328            
802            7492308        512            
803            7492788        512            
804            7492940        512            
805            7493092        512            
806            7524188        328            
807            7523268        512            
808            7523420        512            
809            7523748        512            
810            7523868        512            
811            7552100        328            
812            7524028        512            
813            7524516        512            
814            7524676        512            
815            7524812        512            
816            7524948        512            
817            7525084        512            
818            7523572        512            
819            7552780        512            
820            8125268        328            
821            6635812        512            
822            7552916        1056           
823            7717644        352            
824            7564676        328            
825            7553908        512            
826            7565004        512            
827            7565156        512            
828            7565308        512            
829            7566380        328            
830            7565460        512            
831            7565612        512            
832            7565940        512            
833            7566060        512            
834            7717180        328            
835            7566220        512            
836            7716612        512            
837            7716772        512            
838            7716908        512            
839            7717044        512            
840            7717508        512            
841            7565764        512            
842            7717996        512            
843            7432452        512            
844            7734916        544            
845            7718132        512            
846            7863704        352            
847            7735460        328            
848            7718252        512            
849            7718404        512            
850            7735788        512            
851            7735940        512            
852            7862344        328            
853            7736092        512            
854            7736244        512            
855            7736572        512            
856            7736692        512            
857            7863240        328            
858            7862184        512            
859            7862672        512            
860            7862832        512            
861            7862968        512            
862            7863104        512            
863            7863568        512            
864            7736396        512            
865            7864056        512            
866            7523708        512            
867            7888116        1056           
868            7984072        352            
869            7888932        328            
870            7888780        512            
871            7889260        512            
872            7889412        512            
873            7889564        512            
874            7957300        328            
875            7889716        512            
876            7889868        512            
877            7890020        512            
878            7956980        512            
879            7958196        328            
880            7957140        512            
881            7957628        512            
882            7957788        512            
883            7957924        512            
884            7958060        512            
885            7958524        512            
886            7956804        512            
887            7958660        512            
888            7565900        512            
889            7984424        1056           
890            8124116        352            
891            7985240        328            
892            7985088        512            
893            7985568        512            
894            7985720        512            
895            7985872        512            
896            8061160        328            
897            8060240        512            
898            8060392        512            
899            8060720        512            
900            8060840        512            
901            8123788        328            
902            8061000        512            
903            8061488        512            
904            8061648        512            
905            8061784        512            
906            8061920        512            
907            8062056        512            
908            8060544        512            
909            8124468        512            
910            8535504        328            
911            7736532        512            
912            8124604        1056           
913            8184572        352            
914            8135588        328            
915            8125596        512            
916            8135916        512            
917            8136068        512            
918            8136220        512            
919            8137292        328            
920            8136372        512            
921            8136524        512            
922            8136852        512            
923            8136972        512            
924            8184108        328            
925            8137132        512            
926            8183540        512            
927            8183700        512            
928            8183836        512            
929            8183972        512            
930            8184436        512            
931            8136676        512            
932            8184924        512            
933            7864192        512            
934            8190260        544            
935            8185060        512            
936            8302688        352            
937            3655464        328            
938            8185180        512            
939            3655792        512            
940            8185332        512            
941            8191508        512            
942            8301328        328            
943            8191660        512            
944            8191812        512            
945            8192140        512            
946            8301008        512            
947            8302224        328            
948            8301168        512            
949            8301656        512            
950            8301816        512            
951            8301952        512            
952            8302088        512            
953            8302552        512            
954            8191964        512            
955            8325260        512            
956            7956940        512            
957            8325396        1056           
958            8409760        352            
959            8326212        328            
960            8326060        512            
961            8326540        512            
962            8326692        512            
963            8326844        512            
964            8389460        328            
965            8326996        512            
966            8327148        512            
967            8389020        512            
968            8389140        512            
969            8390356        328            
970            8389300        512            
971            8389788        512            
972            8389948        512            
973            8390084        512            
974            8390220        512            
975            8390684        512            
976            8388844        512            
977            8410112        512            
978            8060680        512            
979            8410248        1056           
980            8534352        352            
981            8411064        328            
982            8410912        512            
983            8411392        512            
984            8411544        512            
985            8475408        512            
986            8476480        328            
987            8475560        512            
988            8475712        512            
989            8476040        512            
990            8476160        512            
991            8533888        328            
992            8476320        512            
993            8476808        512            
994            8476968        512            
995            8477104        512            
996            8477240        512            
997            8534216        512            
998            8475864        512            
999            8534704        512            
1000           9420732        328            
1001           8136812        512            
1002           8534840        1056           
1003           8627816        352            
1004           8549224        328            
1005           8549072        512            
1006           8549552        512            
1007           8549704        512            
1008           8549856        512            
1009           8626616        328            
1010           8550008        512            
1011           8550160        512            
1012           8550488        512            
1013           8550608        512            
1014           8627352        328            
1015           8550768        512            
1016           8550928        512            
1017           8626944        512            
1018           8627080        512            
1019           8627216        512            
1020           8627680        512            
1021           8550312        512            
1022           8628168        512            
1023           8192100        512            
1024           8642668        544            
1025           8628304        512            
1026           8703712        352            
1027           8643212        328            
1028           8628424        512            
1029           8643540        512            
1030           8643692        512            
1031           8643844        512            
1032           8702352        328            
1033           8643996        512            
1034           8644148        512            
1035           8644476        512            
1036           8702032        512            
1037           8703248        328            
1038           8702192        512            
1039           8702680        512            
1040           8702840        512            
1041           8702976        512            
1042           8703112        512            
1043           8703576        512            
1044           8644300        512            
1045           8721860        512            
1046           8388980        512            
1047           8721996        544            
1048           8644596        512            
1049           9230348        352            
1050           8722692        328            
1051           8722540        512            
1052           8723020        512            
1053           8723172        512            
1054           8723324        512            
1055           9119396        328            
1056           8723476        512            
1057           8723628        512            
1058           8723780        512            
1059           9119076        512            
1060           9120292        328            
1061           9119236        512            
1062           9119724        512            
1063           9119884        512            
1064           9120020        512            
1065           9120156        512            
1066           9120620        512            
1067           9118900        512            
1068           9120756        512            
1069           8476000        512            
1070           9230700        1056           
1071           9419580        352            
1072           9231516        328            
1073           9231364        512            
1074           9231844        512            
1075           9231996        512            
1076           9232148        512            
1077           9342868        328            
1078           9341948        512            
1079           9342100        512            
1080           9342428        512            
1081           9342548        512            
1082           9419252        328            
1083           9342708        512            
1084           9343196        512            
1085           9343356        512            
1086           9343492        512            
1087           9343628        512            
1088           9343764        512            
1089           9342252        512            
1090           9419932        512            
1091           10337504       328            
1092           8550448        512            
1093           9420068        1056           
1094           9502760        352            
1095           9431812        328            
1096           9421060        512            
1097           9432140        512            
1098           9432292        512            
1099           9432444        512            
1100           9433516        328            
1101           9432596        512            
1102           9432748        512            
1103           9433076        512            
1104           9433196        512            
1105           9502296        328            
1106           9433356        512            
1107           9501728        512            
1108           9501888        512            
1109           9502024        512            
1110           9502160        512            
1111           9502624        512            
1112           9432900        512            
1113           9503112        512            
1114           8644436        512            
1115           9511248        544            
1116           9503248        512            
1117           9753952        352            
1118           9511792        328            
1119           9503368        512            
1120           9503520        512            
1121           9512120        512            
1122           9512272        512            
1123           9752592        328            
1124           9512424        512            
1125           9512576        512            
1126           9512904        512            
1127           9513024        512            
1128           9753488        328            
1129           9752432        512            
1130           9752920        512            
1131           9753080        512            
1132           9753216        512            
1133           9753352        512            
1134           9753816        512            
1135           9512728        512            
1136           9754304        512            
1137           9119036        512            
1138           9796940        1056           
1139           10101968       352            
1140           9797756        328            
1141           9797604        512            
1142           9798084        512            
1143           9798236        512            
1144           9798388        512            
1145           10026716       328            
1146           9798540        512            
1147           9798692        512            
1148           9798844        512            
1149           10026396       512            
1150           10027612       328            
1151           10026556       512            
1152           10027044       512            
1153           10027204       512            
1154           10027340       512            
1155           10027476       512            
1156           10027940       512            
1157           10026220       512            
1158           10028076       512            
1159           9342388        512            
1160           10102320       1056           
1161           10336352       352            
1162           10103136       328            
1163           10102984       512            
1164           10103464       512            
1165           10103616       512            
1166           10103768       512            
1167           10247064       328            
1168           10246144       512            
1169           10246296       512            
1170           10246624       512            
1171           10246744       512            
1172           10336024       328            
1173           10246904       512            
1174           10247392       512            
1175           10247552       512            
1176           10247688       512            
1177           10247824       512            
1178           10247960       512            
1179           10246448       512            
1180           10336704       512            
1181           10862756       328            
1182           9433036        512            
1183           10336840       1056           
1184           10521720       352            
1185           10363736       328            
1186           10337832       512            
1187           10364064       512            
1188           10364216       512            
1189           10364368       512            
1190           10365440       328            
1191           10364520       512            
1192           10364672       512            
1193           10365000       512            
1194           10365120       512            
1195           10521256       328            
1196           10365280       512            
1197           10520688       512            
1198           10520848       512            
1199           10520984       512            
1200           10521120       512            
1201           10521584       512            
1202           10364824       512            
1203           10522072       512            
1204           9512864        512            
1205           10538064       544            
1206           10522208       512            
1207           10592208       352            
1208           10538608       328            
1209           10522328       512            
1210           10522480       512            
1211           10538936       512            
1212           10539088       512            
1213           10590848       328            
1214           10539240       512            
1215           10539392       512            
1216           10539720       512            
1217           10539840       512            
1218           10591744       328            
1219           10590688       512            
1220           10591176       512            
1221           10591336       512            
1222           10591472       512            
1223           10591608       512            
1224           10592072       512            
1225           10539544       512            
1226           10592560       512            
1227           9754440        512            
1228           10600856       1056           
1229           10768224       352            
1230           10601672       328            
1231           10601520       512            
1232           10602000       512            
1233           10602152       512            
1234           10602304       512            
1235           10719208       328            
1236           10602456       512            
1237           10602608       512            
1238           10602760       512            
1239           10718888       512            
1240           10720104       328            
1241           10719048       512            
1242           10719536       512            
1243           10719696       512            
1244           10719832       512            
1245           10719968       512            
1246           10720432       512            
1247           10718712       512            
1248           10720568       512            
1249           10026356       512            
1250           10768576       1056           
1251           10861604       352            
1252           10769392       328            
1253           10769240       512            
1254           10769720       512            
1255           10769872       512            
1256           10770024       512            
1257           10817832       328            
1258           10816912       512            
1259           10817064       512            
1260           10817392       512            
1261           10817512       512            
1262           10861276       328            
1263           10817672       512            
1264           10818160       512            
1265           10818320       512            
1266           10818456       512            
1267           10818592       512            
1268           10818728       512            
1269           10817216       512            
1270           10861956       512            
1271           11356540       328            
1272           10246584       512            
1273           10862092       1056           
1274           11029744       352            
1275           10885028       328            
1276           10863084       512            
1277           10885356       512            
1278           10885508       512            
1279           10885660       512            
1280           10886732       328            
1281           10885812       512            
1282           10885964       512            
1283           10886292       512            
1284           10886412       512            
1285           11029280       328            
1286           10886572       512            
1287           11028712       512            
1288           11028872       512            
1289           11029008       512            
1290           11029144       512            
1291           11029608       512            
1292           10886116       512            
1293           11030096       512            
1294           10364960       512            
1295           11043960       544            
1296           11030232       512            
1297           11121136       352            
1298           11044504       328            
1299           11030352       512            
1300           11030504       512            
1301           11044832       512            
1302           11044984       512            
1303           11119776       328            
1304           11045136       512            
1305           11045288       512            
1306           11045616       512            
1307           11045736       512            
1308           11120672       328            
1309           11119616       512            
1310           11120104       512            
1311           11120264       512            
1312           11120400       512            
1313           11120536       512            
1314           11121000       512            
1315           11045440       512            
1316           11121488       512            
1317           10539680       512            
1318           11135280       1056           
1319           11253212       352            
1320           11136096       328            
1321           11135944       512            
1322           11136424       512            
1323           11136576       512            
1324           11136728       512            
1325           11219456       328            
1326           11136880       512            
1327           11137032       512            
1328           11137184       512            
1329           11219136       512            
1330           11220352       328            
1331           11219296       512            
1332           11219784       512            
1333           11219944       512            
1334           11220080       512            
1335           11220216       512            
1336           11220680       512            
1337           11218960       512            
1338           11220816       512            
1339           10592696       512            
1340           11253564       1056           
1341           11355388       352            
1342           11254380       328            
1343           11254228       512            
1344           11254708       512            
1345           11254860       512            
1346           11255012       512            
1347           11319388       328            
1348           11318468       512            
1349           11318620       512            
1350           11318948       512            
1351           11319068       512            
1352           11355060       328            
1353           11319228       512            
1354           11319716       512            
1355           11319876       512            
1356           11320012       512            
1357           11320148       512            
1358           11320284       512            
1359           11318772       512            
1360           11355740       512            
1361           10718848       512            
1362           11355876       1056           
1363           11544736       352            
1364           11376292       328            
1365           11356868       512            
1366           11376620       512            
1367           11376772       512            
1368           11376924       512            
1369           11377996       328            
1370           11377076       512            
1371           11377228       512            
1372           11377556       512            
1373           11377676       512            
1374           11544272       328            
1375           11377836       512            
1376           11543704       512            
1377           11543864       512            
1378           11544000       512            
1379           11544136       512            
1380           11544600       512            
1381           11377380       512            
1382           11545088       512            
1383           10817352       512            
1384           11562408       544            
1385           11545224       512            
1386           11638440       352            
1387           11562952       328            
1388           11545344       512            
1389           11545496       512            
1390           11563280       512            
1391           11563432       512            
1392           11637080       328            
1393           11563584       512            
1394           11563736       512            
1395           11564064       512            
1396           11564184       512            
1397           11637976       328            
1398           11636920       512            
1399           11637408       512            
1400           11637568       512            
1401           11637704       512            
1402           11637840       512            
1403           11638304       512            
1404           11563888       512            
1405           11638792       512            
1406           10886252       512            
1407           11652416       1056           
1408           11993500       352            
1409           11653232       328            
1410           11653080       512            
1411           11653560       512            
1412           11653712       512            
1413           11653864       512            
1414           11906144       328            
1415           11654016       512            
1416           11654168       512            
1417           11654320       512            
1418           11905824       512            
1419           11907040       328            
1420           11905984       512            
1421           11906472       512            
1422           11906632       512            
1423           11906768       512            
1424           11906904       512            
1425           11907368       512            
1426           11905648       512            
1427           11907504       512            
1428           11045576       512            
1429           11993852       1056           
1430           12245984       352            
1431           11994668       328            
1432           11994516       512            
1433           11994996       512            
1434           11995148       512            
1435           11995300       512            
1436           12155868       328            
1437           12154948       512            
1438           12155100       512            
1439           12155428       512            
1440           12155548       512            
1441           12245656       328            
1442           12155708       512            
1443           12156196       512            
1444           12156356       512            
1445           12156492       512            
1446           12156628       512            
1447           12156764       512            
1448           12155252       512            
1449           12246336       512            
