Segment        Offset         Length         
0              0              8              
1              0              608            
2              136            1056           
3              800            512            
4              840            1056           
5              1504           840            
6              1984           840            
7              2464           512            
8              2616           512            
9              2768           512            
10             2920           512            
11             3072           512            
12             3208           512            
13             3248           512            
14             3368           512            
15             3528           512            
16             3688           840            
17             4176           512            
18             4312           512            
19             4448           512            
20             4584           840            
21             5048           864            
22             5536           1056           
23             6200           512            
24             6352           840            
25             6832           512            
26             6984           512            
27             7136           512            
28             7288           512            
29             7440           512            
30             7576           512            
31             7616           512            
32             7736           512            
33             7896           512            
34             8056           840            
35             8544           512            
36             8680           512            
37             8816           512            
38             8952           840            
39             9416           864            
40             9904           1056           
41             10568          512            
42             10720          840            
43             11200          512            
44             11352          512            
45             11504          512            
46             11656          512            
47             11808          512            
48             11944          512            
49             11984          512            
50             12104          512            
51             12264          512            
52             12424          840            
53             12912          512            
54             13048          512            
55             13184          512            
56             13320          840            
57             13784          864            
58             14272          1056           
59             14936          512            
60             15088          840            
61             15568          512            
62             15720          512            
63             15872          512            
64             16024          512            
65             16176          512            
66             16312          512            
67             16352          512            
68             16472          512            
69             16632          512            
70             16792          840            
71             17280          512            
72             17416          512            
73             17552          512            
74             17688          840            
75             18152          864            
76             18640          1056           
77             19304          512            
78             19456          840            
79             19936          512            
80             20088          512            
81             20240          512            
82             20392          512            
83             20544          512            
84             20680          512            
85             20720          512            
86             20840          512            
87             21000          512            
88             21160          840            
89             21648          512            
90             21784          512            
91             21920          512            
92             22056          840            
93             22520          864            
94             23008          1056           
95             23672          512            
96             23824          840            
97             24304          512            
98             24456          512            
99             24608          512            
100            24760          512            
101            24912          512            
102            25048          512            
103            25088          512            
104            25208          512            
105            25368          512            
106            25528          840            
107            26016          512            
108            26152          512            
109            26288          512            
110            26424          840            
111            26888          864            
112            27376          1056           
113            28040          512            
114            28192          840            
115            28672          512            
116            28824          512            
117            28976          512            
118            29128          512            
119            29280          512            
120            29416          512            
121            29456          512            
122            29576          512            
123            29736          512            
124            29896          840            
125            30384          512            
126            30520          512            
127            30656          512            
128            30792          840            
129            31256          864            
130            31744          1056           
131            32408          512            
132            32560          840            
133            33040          512            
134            33192          512            
135            33344          512            
136            33496          512            
137            33648          512            
138            33784          512            
139            33824          512            
140            33944          512            
141            34104          512            
142            34264          840            
143            34752          512            
144            34888          512            
145            35024          512            
146            35160          840            
147            35624          864            
148            36112          1056           
149            36688          512            
150            36952          840            
151            37432          840            
152            37912          512            
153            38064          512            
154            38216          512            
155            38368          512            
156            38520          512            
157            38656          512            
158            38696          512            
159            38816          512            
160            38976          512            
161            39136          840            
162            39624          512            
163            39760          512            
164            39896          512            
165            40032          840            
166            40496          864            
167            40984          1056           
168            41648          512            
169            41800          840            
170            42280          512            
171            42432          512            
172            42584          512            
173            42736          512            
174            42888          512            
175            43024          512            
176            43064          512            
177            43184          512            
178            43344          512            
179            43504          840            
180            43992          512            
181            44128          512            
182            44264          512            
183            44400          840            
184            44864          864            
185            45352          1056           
186            46016          512            
187            46168          840            
188            46648          512            
189            46800          512            
190            46952          512            
191            47104          512            
192            47256          512            
193            47392          512            
194            47432          512            
195            47552          512            
196            47712          512            
197            47872          840            
198            48360          512            
199            48496          512            
200            48632          512            
201            48768          840            
202            49232          864            
203            49720          1056           
204            50384          512            
205            50536          840            
206            51016          512            
207            51168          512            
208            51320          512            
209            51472          512            
210            51624          512            
211            51760          512            
212            51800          512            
213            51920          512            
214            52080          512            
215            52240          840            
216            52728          512            
217            52864          512            
218            53000          512            
219            53136          840            
220            53600          864            
221            54088          1056           
222            54752          840            
223            55232          840            
224            55712          512            
225            55864          512            
226            56016          512            
227            56168          512            
228            56320          512            
229            56456          512            
230            56496          512            
231            56616          512            
232            56776          512            
233            56936          840            
234            57424          512            
235            57560          512            
236            57696          512            
237            57832          840            
238            58296          864            
239            58784          1056           
240            59448          512            
241            59600          840            
242            60080          512            
243            60232          512            
244            60384          512            
245            60536          512            
246            60688          512            
247            60824          512            
248            60864          512            
249            60984          512            
250            61144          512            
251            61304          840            
252            61792          512            
253            61928          512            
254            62064          512            
255            62200          840            
256            62664          864            
257            63152          1056           
258            63816          512            
259            63968          840            
260            64448          512            
261            64600          512            
262            64752          512            
263            64904          512            
264            65056          512            
265            65192          512            
266            65232          512            
267            65352          512            
268            65512          512            
269            65672          840            
270            66160          512            
271            66296          512            
272            66432          512            
273            66568          840            
274            67032          864            
275            67520          1056           
276            68184          512            
277            68336          840            
278            68816          512            
279            68968          512            
280            69120          512            
281            69272          512            
282            69424          512            
283            69560          512            
284            69600          512            
285            69720          512            
286            69880          512            
287            70040          840            
288            70528          512            
289            70664          512            
290            70800          512            
291            70936          840            
292            71400          864            
293            71888          1056           
294            72552          840            
295            73032          840            
296            73512          512            
297            73664          512            
298            73816          512            
299            73968          512            
300            74120          512            
301            74256          512            
302            74296          512            
303            74416          512            
304            74576          512            
305            74736          840            
306            75224          512            
307            75360          512            
308            75496          512            
309            75632          840            
310            76096          864            
311            76584          1056           
312            77248          512            
313            77400          840            
314            77880          512            
315            78032          512            
316            78184          512            
317            78336          512            
318            78488          512            
319            78624          512            
320            78664          512            
321            78784          512            
322            78944          512            
323            79104          840            
324            79592          512            
325            79728          512            
326            79864          512            
327            80000          840            
328            80464          864            
329            80952          1056           
330            81616          512            
331            81768          840            
332            82248          512            
333            82400          512            
334            82552          512            
335            82704          512            
336            82856          512            
337            82992          512            
338            83032          512            
339            83152          512            
340            83312          512            
341            83472          840            
342            83960          512            
343            84096          512            
344            84232          512            
345            84368          840            
346            84832          864            
347            85320          1056           
348            85896          512            
349            86048          512            
350            86200          512            
351            86336          840            
352            86816          512            
353            86968          512            
354            87120          512            
355            87272          512            
356            87424          512            
357            87560          512            
358            87600          512            
359            87720          512            
360            87880          512            
361            88040          840            
362            88528          512            
363            88664          512            
364            88800          512            
365            88936          840            
366            89400          864            
367            89888          1056           
368            90552          840            
369            91032          840            
370            91512          512            
371            91664          512            
372            91816          512            
373            91968          512            
374            92120          512            
375            92256          512            
376            92296          512            
377            92416          512            
378            92576          512            
379            92736          840            
380            93224          512            
381            93360          512            
382            93496          512            
383            93632          840            
384            94096          864            
385            94584          1056           
386            95248          512            
387            95400          840            
388            95880          512            
389            96032          512            
390            96184          512            
391            96336          512            
392            96488          512            
393            96624          512            
394            96664          512            
395            96784          512            
396            96944          512            
397            97104          840            
398            97592          512            
399            97728          512            
400            97864          512            
401            98000          840            
402            98464          864            
403            98952          1056           
404            99616          512            
405            99768          840            
406            100248         512            
407            100400         512            
408            100552         512            
409            100704         512            
410            100856         512            
411            100992         512            
412            101032         512            
413            101152         512            
414            101312         512            
415            101472         840            
416            101960         512            
417            102096         512            
418            102232         512            
419            102368         840            
420            102832         864            
421            103320         1056           
422            103984         512            
423            104136         840            
424            104616         512            
425            104768         512            
426            104920         512            
427            105072         512            
428            105224         512            
429            105360         512            
430            105400         512            
431            105520         512            
432            105680         512            
433            105840         840            
434            106328         512            
435            106464         512            
436            106600         512            
437            106736         840            
438            107200         864            
439            107688         1056           
440            108352         840            
441            108832         840            
442            109312         512            
443            109464         512            
444            109616         512            
445            109768         512            
446            109920         512            
447            110056         512            
448            110096         512            
449            110216         512            
450            110376         512            
451            110536         840            
452            111024         512            
453            111160         512            
454            111296         512            
455            111432         840            
456            111896         864            
457            112384         1056           
458            113048         512            
459            113200         840            
460            113680         512            
461            113832         512            
462            113984         512            
463            114136         512            
464            114288         512            
465            114424         512            
466            114464         512            
467            114584         512            
468            114744         512            
469            114904         840            
470            115392         512            
471            115528         512            
472            115664         512            
473            115800         840            
474            116264         864            
475            116752         1056           
476            117416         512            
477            117568         840            
478            118048         512            
479            118200         512            
480            118352         512            
481            118504         512            
482            118656         512            
483            118792         512            
484            118832         512            
485            118952         512            
486            119112         512            
487            119272         840            
488            119760         512            
489            119896         512            
490            120032         512            
491            120168         840            
492            120632         864            
493            121120         1056           
494            121784         512            
495            121936         840            
496            122416         512            
497            122568         512            
498            122720         512            
499            122872         512            
500            123024         512            
501            123160         512            
502            123200         512            
503            123320         512            
504            123480         512            
505            123640         840            
506            124128         512            
507            124264         512            
508            124400         512            
509            124536         840            
510            125000         864            
511            125488         1056           
512            126152         840            
513            126632         840            
514            127112         512            
515            127264         512            
516            127416         512            
517            127568         512            
518            127720         512            
519            127856         512            
520            127896         512            
521            128016         512            
522            128176         512            
523            128336         840            
524            128824         512            
525            128960         512            
526            129096         512            
527            129232         840            
528            129696         864            
529            130184         1056           
530            130848         512            
531            131000         840            
532            131480         512            
533            131632         512            
534            131784         512            
535            131936         512            
536            132088         512            
537            132224         512            
538            132264         512            
539            132384         512            
540            132544         512            
541            132704         840            
542            133192         512            
543            133328         512            
544            133464         512            
545            133600         840            
546            134064         864            
547            134552         1056           
548            135216         512            
549            135368         840            
550            135848         512            
551            136000         512            
552            136152         512            
553            136304         512            
554            136456         512            
555            136592         512            
556            136632         512            
557            136752         512            
558            136912         512            
559            137072         840            
560            137560         512            
561            137696         512            
562            137832         512            
563            137968         840            
564            138432         864            
565            138920         1056           
566            139584         512            
567            139736         840            
568            140216         512            
569            140368         512            
570            140520         512            
571            140672         512            
572            140824         512            
573            140960         512            
574            141000         512            
575            141120         512            
576            141280         512            
577            141440         840            
578            141928         512            
579            142064         512            
580            142200         512            
581            142336         840            
582            142800         864            
583            143288         1056           
584            143952         840            
585            144432         840            
586            144912         512            
587            145064         512            
588            145216         512            
589            145368         512            
590            145520         512            
591            145656         512            
592            145696         512            
593            145816         512            
594            145976         512            
595            146136         840            
596            146624         512            
597            146760         512            
598            146896         512            
599            147032         840            
600            147496         864            
601            147984         1056           
602            148648         512            
603            148800         840            
604            149280         512            
605            149432         512            
606            149584         512            
607            149736         512            
608            149888         512            
609            150024         512            
610            150064         512            
611            150184         512            
612            150344         512            
613            150504         840            
614            150992         512            
615            151128         512            
616            151264         512            
617            151400         840            
618            151864         864            
619            152352         1056           
620            153016         512            
621            153168         840            
622            153648         512            
623            153800         512            
624            153952         512            
625            154104         512            
626            154256         512            
627            154392         512            
628            154432         512            
629            154552         512            
630            154712         512            
631            154872         840            
632            155360         512            
633            155496         512            
634            155632         512            
635            155768         840            
636            156232         864            
637            156720         1056           
638            157384         512            
639            157536         840            
640            158016         512            
641            158168         512            
642            158320         512            
643            158472         512            
644            158624         512            
645            158760         512            
646            158800         512            
647            158920         512            
648            159080         512            
649            159240         840            
650            159728         512            
651            159864         512            
652            160000         512            
653            160136         840            
654            160600         864            
655            161088         1056           
656            161752         840            
657            162232         840            
658            162712         512            
659            162864         512            
660            163016         512            
661            163168         512            
662            163320         512            
663            163456         512            
664            163496         512            
665            163616         512            
666            163776         512            
667            163936         840            
668            164424         512            
669            164560         512            
670            164696         512            
671            164832         840            
672            165296         864            
673            165784         1056           
674            166448         512            
675            166600         840            
676            167080         512            
677            167232         512            
678            167384         512            
679            167536         512            
680            167688         512            
681            167824         512            
682            167864         512            
683            167984         512            
684            168144         512            
685            168304         840            
686            168792         512            
687            168928         512            
688            169064         512            
689            169200         840            
690            169664         864            
691            170152         1056           
692            170816         512            
693            170968         840            
694            171448         512            
695            171600         512            
696            171752         512            
697            171904         512            
698            172056         512            
699            172192         512            
700            172232         512            
701            172352         512            
702            172512         512            
703            172672         840            
704            173160         512            
705            173296         512            
706            173432         512            
707            173568         840            
708            174032         864            
709            174520         1056           
710            175184         512            
711            175336         840            
712            175816         512            
713            175968         512            
714            176120         512            
715            176272         512            
716            176424         512            
717            176560         512            
718            176600         512            
719            176720         512            
720            176880         512            
721            177040         840            
722            177528         512            
723            177664         512            
724            177800         512            
725            177936         840            
726            178400         864            
727            178888         1056           
728            179552         840            
729            180032         840            
730            180512         512            
731            180664         512            
732            180816         512            
733            180968         512            
734            181120         512            
735            181256         512            
736            181296         512            
737            181416         512            
738            181576         512            
739            181736         840            
740            182224         512            
741            182360         512            
742            182496         512            
743            182632         840            
744            183096         864            
745            183584         1056           
746            184248         1544           
747            185432         512            
748            185584         512            
749            185736         512            
750            185888         512            
751            186024         512            
752            186064         512            
753            186224         512            
754            186384         840            
755            186872         512            
756            187008         512            
757            187144         512            
758            187280         840            
759            187744         864            
760            188232         1056           
761            188896         512            
762            189048         840            
763            189528         512            
764            189680         512            
765            189832         512            
766            189984         512            
767            190136         512            
768            190272         512            
769            190312         512            
770            190432         512            
771            190592         512            
772            190752         840            
773            191240         512            
774            191376         512            
775            191512         512            
776            191648         840            
777            192112         864            
778            192600         1056           
779            193264         512            
780            193416         840            
781            193896         512            
782            194048         512            
783            194200         512            
784            194352         512            
785            194504         512            
786            194640         512            
787            194680         512            
788            194800         512            
789            194960         512            
790            195120         840            
791            195608         512            
792            195744         512            
793            195880         512            
794            196016         840            
795            196480         864            
796            196968         1056           
797            197632         840            
798            198112         840            
799            198592         512            
800            198744         512            
801            198896         512            
802            199048         512            
803            199200         512            
804            199336         512            
805            199376         512            
806            199496         512            
807            199656         512            
808            199816         840            
809            200304         512            
810            200440         512            
811            200576         512            
812            200712         840            
813            201176         864            
814            201664         1056           
815            202328         512            
816            202480         840            
817            202960         512            
818            203112         512            
819            203264         512            
820            203416         512            
821            203568         512            
822            203704         512            
823            203744         512            
824            203864         512            
825            204024         512            
826            204184         840            
827            204672         512            
828            204808         512            
829            204944         512            
830            205080         840            
831            205544         864            
832            206032         1056           
833            206696         512            
834            206848         840            
835            207328         512            
836            207480         512            
837            207632         512            
838            207784         512            
839            207936         512            
840            208072         512            
841            208112         512            
842            208232         512            
843            208392         512            
844            208552         840            
845            209040         512            
846            209176         512            
847            209312         512            
848            209448         840            
849            209912         864            
850            210400         1056           
851            211064         512            
852            211216         840            
853            211696         512            
854            211848         512            
855            212000         512            
856            212152         512            
857            212304         512            
858            212440         512            
859            212480         512            
860            212600         512            
861            212760         512            
862            212920         840            
863            213408         512            
864            213544         512            
865            213680         512            
866            213816         840            
867            214280         864            
868            214768         1056           
869            215432         840            
870            215912         840            
871            216392         512            
872            216544         512            
873            216696         512            
874            216848         512            
875            217000         512            
876            217136         512            
877            217176         512            
878            217296         512            
879            217456         512            
880            217616         840            
881            218104         512            
882            218240         512            
883            218376         512            
884            218512         840            
885            218976         864            
886            219464         1056           
887            220128         512            
888            220280         840            
889            220760         512            
890            220912         512            
891            221064         512            
892            221216         512            
893            221368         512            
894            221504         512            
895            221544         512            
896            221664         512            
897            221824         512            
898            221984         840            
899            222472         512            
900            222608         512            
901            222744         512            
902            222880         840            
903            223344         864            
904            223832         1056           
905            224496         512            
906            224648         840            
907            225128         512            
908            225280         512            
909            225432         512            
910            225584         512            
911            225736         512            
912            225872         512            
913            225912         512            
914            226032         512            
915            226192         512            
916            226352         840            
917            226840         512            
918            226976         512            
919            227112         512            
920            227248         840            
921            227712         864            
922            228200         1056           
923            228864         512            
924            229016         840            
925            229496         512            
926            229648         512            
927            229800         512            
928            229952         512            
929            230104         512            
930            230240         512            
931            230280         512            
932            230400         512            
933            230560         512            
934            230720         840            
935            231208         512            
936            231344         512            
937            231480         512            
938            231616         840            
939            232080         864            
940            232568         1056           
941            233232         840            
942            233712         840            
943            234192         512            
944            234344         512            
945            234496         512            
946            234648         512            
947            234800         512            
948            234936         512            
949            234976         512            
950            235096         512            
951            235256         512            
952            235416         840            
953            235904         512            
954            236040         512            
955            236176         512            
956            236312         840            
957            236776         864            
958            237264         1056           
959            237928         512            
960            238080         840            
961            238560         512            
962            238712         512            
963            238864         512            
964            239016         512            
965            239168         512            
966            239304         512            
967            239344         512            
968            239464         512            
969            239624         512            
970            239784         840            
971            240272         512            
972            240408         512            
973            240544         512            
974            240680         840            
975            241144         864            
976            241632         1056           
977            242296         512            
978            242448         840            
979            242928         512            
980            243080         512            
981            243232         512            
982            243384         512            
983            243536         512            
984            243672         512            
985            243712         512            
986            243832         512            
987            243992         512            
988            244152         840            
989            244640         512            
990            244776         512            
991            244912         512            
992            245048         840            
993            245512         864            
994            246000         1056           
995            246664         512            
996            246816         840            
997            247296         512            
998            247448         512            
999            247600         512            
1000           247752         512            
1001           247904         512            
1002           248040         512            
1003           248080         512            
1004           248200         512            
1005           248360         512            
1006           248520         840            
1007           249008         512            
1008           249144         512            
1009           249280         512            
1010           249416         840            
1011           249880         864            
1012           250368         1056           
1013           251032         840            
1014           251512         840            
1015           251992         512            
1016           252144         512            
1017           252296         512            
1018           252448         512            
1019           252600         512            
1020           252736         512            
1021           252776         512            
1022           252896         512            
1023           253056         512            
1024           253216         840            
1025           253704         512            
1026           253840         512            
1027           253976         512            
1028           254112         840            
1029           254576         864            
1030           255064         1056           
1031           255728         512            
1032           255880         840            
1033           256360         512            
1034           256512         512            
1035           256664         512            
1036           256816         512            
1037           256968         512            
1038           257104         512            
1039           257144         512            
1040           257264         512            
1041           257424         512            
1042           257584         840            
1043           258072         512            
1044           258208         512            
1045           258344         512            
1046           258480         840            
1047           258944         864            
1048           259432         1056           
1049           260096         512            
1050           260248         840            
1051           260728         512            
1052           260880         512            
1053           261032         512            
1054           261184         512            
1055           261336         512            
1056           261472         512            
1057           261512         512            
1058           261632         512            
1059           261792         512            
1060           261952         840            
1061           262440         512            
1062           262576         512            
1063           262712         512            
1064           262848         840            
1065           263312         864            
1066           263800         1056           
1067           264464         512            
1068           264616         840            
1069           265096         512            
1070           265248         512            
1071           265400         512            
1072           265552         512            
1073           265704         512            
1074           265840         512            
1075           265880         512            
1076           266000         512            
1077           266160         512            
1078           266320         840            
1079           266808         512            
1080           266944         512            
1081           267080         512            
1082           267216         840            
1083           267680         864            
1084           268168         1056           
1085           268832         840            
1086           269312         840            
1087           269792         512            
1088           269944         512            
1089           270096         512            
1090           270248         512            
1091           270400         512            
1092           270536         512            
1093           270576         512            
1094           270696         512            
1095           270856         512            
1096           271016         840            
1097           271504         512            
1098           271640         512            
1099           271776         512            
1100           271912         840            
1101           272376         864            
1102           272864         1056           
1103           273528         512            
1104           273680         840            
1105           274160         512            
1106           274312         512            
1107           274464         512            
1108           274616         512            
1109           274768         512            
1110           274904         512            
1111           274944         512            
1112           275064         512            
1113           275224         512            
1114           275384         840            
1115           275872         512            
1116           276008         512            
1117           276144         512            
1118           276280         840            
1119           276744         864            
1120           277232         1056           
1121           277896         512            
1122           278048         840            
1123           278528         512            
1124           278680         512            
1125           278832         512            
1126           278984         512            
1127           279136         512            
1128           279272         512            
1129           279312         512            
1130           279432         512            
1131           279592         512            
1132           279752         840            
1133           280240         512            
1134           280376         512            
1135           280512         512            
1136           280648         840            
1137           281112         864            
1138           281600         1056           
1139           282264         512            
1140           282416         840            
1141           282896         512            
1142           283048         512            
1143           283200         512            
1144           283352         512            
1145           283504         512            
1146           283680         512            
1147           283800         512            
1148           283960         512            
1149           284120         840            
1150           284608         512            
1151           284744         512            
1152           284880         512            
1153           285016         840            
1154           285480         864            
