Segment        Offset         Length         
0              0              8              
1              0              608            
2              680            512            
3              184248         704            
4              136            544            
5              1504           328            
6              800            512            
7              840            1056           
8              5048           352            
9              1984           328            
10             1832           512            
11             2312           512            
12             2464           512            
13             2616           512            
14             3688           328            
15             2768           512            
16             2920           512            
17             3248           512            
18             3368           512            
19             4584           328            
20             3528           512            
21             4016           512            
22             4176           512            
23             4312           512            
24             4448           512            
25             4912           512            
26             3072           512            
27             5400           512            
28             3208           512            
29             5536           1056           
30             9416           352            
31             6352           328            
32             6200           512            
33             6680           512            
34             6832           512            
35             6984           512            
36             8056           328            
37             7136           512            
38             7288           512            
39             7616           512            
40             7736           512            
41             8952           328            
42             7896           512            
43             8384           512            
44             8544           512            
45             8680           512            
46             8816           512            
47             9280           512            
48             7440           512            
49             9768           512            
50             7576           512            
51             9904           1056           
52             13784          352            
53             10720          328            
54             10568          512            
55             11048          512            
56             11200          512            
57             11352          512            
58             12424          328            
59             11504          512            
60             11656          512            
61             11984          512            
62             12104          512            
63             13320          328            
64             12264          512            
65             12752          512            
66             12912          512            
67             13048          512            
68             13184          512            
69             13648          512            
70             11808          512            
71             14136          512            
72             11944          512            
73             14272          1056           
74             18152          352            
75             15088          328            
76             14936          512            
77             15416          512            
78             15568          512            
79             15720          512            
80             16792          328            
81             15872          512            
82             16024          512            
83             16352          512            
84             16472          512            
85             17688          328            
86             16632          512            
87             17120          512            
88             17280          512            
89             17416          512            
90             17552          512            
91             18016          512            
92             16176          512            
93             18504          512            
94             36952          328            
95             16312          512            
96             18640          1056           
97             22520          352            
98             19456          328            
99             19304          512            
100            19784          512            
101            19936          512            
102            20088          512            
103            21160          328            
104            20240          512            
105            20392          512            
106            20720          512            
107            20840          512            
108            22056          328            
109            21000          512            
110            21488          512            
111            21648          512            
112            21784          512            
113            21920          512            
114            22384          512            
115            20544          512            
116            22872          512            
117            20680          512            
118            23008          1056           
119            26888          352            
120            23824          328            
121            23672          512            
122            24152          512            
123            24304          512            
124            24456          512            
125            25528          328            
126            24608          512            
127            24760          512            
128            25088          512            
129            25208          512            
130            26424          328            
131            25368          512            
132            25856          512            
133            26016          512            
134            26152          512            
135            26288          512            
136            26752          512            
137            24912          512            
138            27240          512            
139            25048          512            
140            27376          1056           
141            31256          352            
142            28192          328            
143            28040          512            
144            28520          512            
145            28672          512            
146            28824          512            
147            29896          328            
148            28976          512            
149            29128          512            
150            29456          512            
151            29576          512            
152            30792          328            
153            29736          512            
154            30224          512            
155            30384          512            
156            30520          512            
157            30656          512            
158            31120          512            
159            29280          512            
160            31608          512            
161            29416          512            
162            31744          1056           
163            35624          352            
164            32560          328            
165            32408          512            
166            32888          512            
167            33040          512            
168            33192          512            
169            34264          328            
170            33344          512            
171            33496          512            
172            33824          512            
173            33944          512            
174            35160          328            
175            34104          512            
176            34592          512            
177            34752          512            
178            34888          512            
179            35024          512            
180            35488          512            
181            33648          512            
182            35976          512            
183            54752          328            
184            33784          512            
185            36112          1056           
186            40496          352            
187            37432          328            
188            37280          512            
189            37760          512            
190            37912          512            
191            38064          512            
192            39136          328            
193            38216          512            
194            38368          512            
195            38696          512            
196            38816          512            
197            40032          328            
198            38976          512            
199            39464          512            
200            39624          512            
201            39760          512            
202            39896          512            
203            40360          512            
204            38520          512            
205            40848          512            
206            38656          512            
207            40984          1056           
208            44864          352            
209            41800          328            
210            41648          512            
211            42128          512            
212            42280          512            
213            42432          512            
214            43504          328            
215            42584          512            
216            42736          512            
217            43064          512            
218            43184          512            
219            44400          328            
220            43344          512            
221            43832          512            
222            43992          512            
223            44128          512            
224            44264          512            
225            44728          512            
226            42888          512            
227            45216          512            
228            43024          512            
229            45352          1056           
230            49232          352            
231            46168          328            
232            46016          512            
233            46496          512            
234            46648          512            
235            46800          512            
236            47872          328            
237            46952          512            
238            47104          512            
239            47432          512            
240            47552          512            
241            48768          328            
242            47712          512            
243            48200          512            
244            48360          512            
245            48496          512            
246            48632          512            
247            49096          512            
248            47256          512            
249            49584          512            
250            47392          512            
251            49720          1056           
252            53600          352            
253            50536          328            
254            50384          512            
255            50864          512            
256            51016          512            
257            51168          512            
258            52240          328            
259            51320          512            
260            51472          512            
261            51800          512            
262            51920          512            
263            53136          328            
264            52080          512            
265            52568          512            
266            52728          512            
267            52864          512            
268            53000          512            
269            53464          512            
270            51624          512            
271            53952          512            
272            72552          328            
273            51760          512            
274            54088          1056           
275            58296          352            
276            55232          328            
277            55080          512            
278            55560          512            
279            55712          512            
280            55864          512            
281            56936          328            
282            56016          512            
283            56168          512            
284            56496          512            
285            56616          512            
286            57832          328            
287            56776          512            
288            57264          512            
289            57424          512            
290            57560          512            
291            57696          512            
292            58160          512            
293            56320          512            
294            58648          512            
295            56456          512            
296            58784          1056           
297            62664          352            
298            59600          328            
299            59448          512            
300            59928          512            
301            60080          512            
302            60232          512            
303            61304          328            
304            60384          512            
305            60536          512            
306            60864          512            
307            60984          512            
308            62200          328            
309            61144          512            
310            61632          512            
311            61792          512            
312            61928          512            
313            62064          512            
314            62528          512            
315            60688          512            
316            63016          512            
317            60824          512            
318            63152          1056           
319            67032          352            
320            63968          328            
321            63816          512            
322            64296          512            
323            64448          512            
324            64600          512            
325            65672          328            
326            64752          512            
327            64904          512            
328            65232          512            
329            65352          512            
330            66568          328            
331            65512          512            
332            66000          512            
333            66160          512            
334            66296          512            
335            66432          512            
336            66896          512            
337            65056          512            
338            67384          512            
339            65192          512            
340            67520          1056           
341            71400          352            
342            68336          328            
343            68184          512            
344            68664          512            
345            68816          512            
346            68968          512            
347            70040          328            
348            69120          512            
349            69272          512            
350            69600          512            
351            69720          512            
352            70936          328            
353            69880          512            
354            70368          512            
355            70528          512            
356            70664          512            
357            70800          512            
358            71264          512            
359            69424          512            
360            71752          512            
361            90552          328            
362            69560          512            
363            71888          1056           
364            76096          352            
365            73032          328            
366            72880          512            
367            73360          512            
368            73512          512            
369            73664          512            
370            74736          328            
371            73816          512            
372            73968          512            
373            74296          512            
374            74416          512            
375            75632          328            
376            74576          512            
377            75064          512            
378            75224          512            
379            75360          512            
380            75496          512            
381            75960          512            
382            74120          512            
383            76448          512            
384            74256          512            
385            76584          1056           
386            80464          352            
387            77400          328            
388            77248          512            
389            77728          512            
390            77880          512            
391            78032          512            
392            79104          328            
393            78184          512            
394            78336          512            
395            78664          512            
396            78784          512            
397            80000          328            
398            78944          512            
399            79432          512            
400            79592          512            
401            79728          512            
402            79864          512            
403            80328          512            
404            78488          512            
405            80816          512            
406            78624          512            
407            80952          1056           
408            84832          352            
409            81768          328            
410            81616          512            
411            82096          512            
412            82248          512            
413            82400          512            
414            83472          328            
415            82552          512            
416            82704          512            
417            83032          512            
418            83152          512            
419            84368          328            
420            83312          512            
421            83800          512            
422            83960          512            
423            84096          512            
424            84232          512            
425            84696          512            
426            82856          512            
427            85184          512            
428            82992          512            
429            85320          1056           
430            89400          352            
431            86336          328            
432            36688          512            
433            86664          512            
434            86816          512            
435            86968          512            
436            88040          328            
437            87120          512            
438            87272          512            
439            87600          512            
440            87720          512            
441            88936          328            
442            87880          512            
443            88368          512            
444            88528          512            
445            88664          512            
446            88800          512            
447            89264          512            
448            87424          512            
449            89752          512            
450            108352         328            
451            87560          512            
452            89888          1056           
453            94096          352            
454            91032          328            
455            90880          512            
456            91360          512            
457            91512          512            
458            91664          512            
459            92736          328            
460            91816          512            
461            91968          512            
462            92296          512            
463            92416          512            
464            93632          328            
465            92576          512            
466            93064          512            
467            93224          512            
468            93360          512            
469            93496          512            
470            93960          512            
471            92120          512            
472            94448          512            
473            92256          512            
474            94584          1056           
475            98464          352            
476            95400          328            
477            95248          512            
478            95728          512            
479            95880          512            
480            96032          512            
481            97104          328            
482            96184          512            
483            96336          512            
484            96664          512            
485            96784          512            
486            98000          328            
487            96944          512            
488            97432          512            
489            97592          512            
490            97728          512            
491            97864          512            
492            98328          512            
493            96488          512            
494            98816          512            
495            96624          512            
496            98952          1056           
497            102832         352            
498            99768          328            
499            99616          512            
500            100096         512            
501            100248         512            
502            100400         512            
503            101472         328            
504            100552         512            
505            100704         512            
506            101032         512            
507            101152         512            
508            102368         328            
509            101312         512            
510            101800         512            
511            101960         512            
512            102096         512            
513            102232         512            
514            102696         512            
515            100856         512            
516            103184         512            
517            100992         512            
518            103320         1056           
519            107200         352            
520            104136         328            
521            103984         512            
522            104464         512            
523            104616         512            
524            104768         512            
525            105840         328            
526            104920         512            
527            105072         512            
528            105400         512            
529            105520         512            
530            106736         328            
531            105680         512            
532            106168         512            
533            106328         512            
534            106464         512            
535            106600         512            
536            107064         512            
537            105224         512            
538            107552         512            
539            126152         328            
540            105360         512            
541            107688         1056           
542            111896         352            
543            108832         328            
544            108680         512            
545            109160         512            
546            109312         512            
547            109464         512            
548            110536         328            
549            109616         512            
550            109768         512            
551            110096         512            
552            110216         512            
553            111432         328            
554            110376         512            
555            110864         512            
556            111024         512            
557            111160         512            
558            111296         512            
559            111760         512            
560            109920         512            
561            112248         512            
562            110056         512            
563            112384         1056           
564            116264         352            
565            113200         328            
566            113048         512            
567            113528         512            
568            113680         512            
569            113832         512            
570            114904         328            
571            113984         512            
572            114136         512            
573            114464         512            
574            114584         512            
575            115800         328            
576            114744         512            
577            115232         512            
578            115392         512            
579            115528         512            
580            115664         512            
581            116128         512            
582            114288         512            
583            116616         512            
584            114424         512            
585            116752         1056           
586            120632         352            
587            117568         328            
588            117416         512            
589            117896         512            
590            118048         512            
591            118200         512            
592            119272         328            
593            118352         512            
594            118504         512            
595            118832         512            
596            118952         512            
597            120168         328            
598            119112         512            
599            119600         512            
600            119760         512            
601            119896         512            
602            120032         512            
603            120496         512            
604            118656         512            
605            120984         512            
606            118792         512            
607            121120         1056           
608            125000         352            
609            121936         328            
610            121784         512            
611            122264         512            
612            122416         512            
613            122568         512            
614            123640         328            
615            122720         512            
616            122872         512            
617            123200         512            
618            123320         512            
619            124536         328            
620            123480         512            
621            123968         512            
622            124128         512            
623            124264         512            
624            124400         512            
625            124864         512            
626            123024         512            
627            125352         512            
628            143952         328            
629            123160         512            
630            125488         1056           
631            129696         352            
632            126632         328            
633            126480         512            
634            126960         512            
635            127112         512            
636            127264         512            
637            128336         328            
638            127416         512            
639            127568         512            
640            127896         512            
641            128016         512            
642            129232         328            
643            128176         512            
644            128664         512            
645            128824         512            
646            128960         512            
647            129096         512            
648            129560         512            
649            127720         512            
650            130048         512            
651            127856         512            
652            130184         1056           
653            134064         352            
654            131000         328            
655            130848         512            
656            131328         512            
657            131480         512            
658            131632         512            
659            132704         328            
660            131784         512            
661            131936         512            
662            132264         512            
663            132384         512            
664            133600         328            
665            132544         512            
666            133032         512            
667            133192         512            
668            133328         512            
669            133464         512            
670            133928         512            
671            132088         512            
672            134416         512            
673            132224         512            
674            134552         1056           
675            138432         352            
676            135368         328            
677            135216         512            
678            135696         512            
679            135848         512            
680            136000         512            
681            137072         328            
682            136152         512            
683            136304         512            
684            136632         512            
685            136752         512            
686            137968         328            
687            136912         512            
688            137400         512            
689            137560         512            
690            137696         512            
691            137832         512            
692            138296         512            
693            136456         512            
694            138784         512            
695            136592         512            
696            138920         1056           
697            142800         352            
698            139736         328            
699            139584         512            
700            140064         512            
701            140216         512            
702            140368         512            
703            141440         328            
704            140520         512            
705            140672         512            
706            141000         512            
707            141120         512            
708            142336         328            
709            141280         512            
710            141768         512            
711            141928         512            
712            142064         512            
713            142200         512            
714            142664         512            
715            140824         512            
716            143152         512            
717            161752         328            
718            140960         512            
719            143288         1056           
720            147496         352            
721            144432         328            
722            144280         512            
723            144760         512            
724            144912         512            
725            145064         512            
726            146136         328            
727            145216         512            
728            145368         512            
729            145696         512            
730            145816         512            
731            147032         328            
732            145976         512            
733            146464         512            
734            146624         512            
735            146760         512            
736            146896         512            
737            147360         512            
738            145520         512            
739            147848         512            
740            145656         512            
741            147984         1056           
742            151864         352            
743            148800         328            
744            148648         512            
745            149128         512            
746            149280         512            
747            149432         512            
748            150504         328            
749            149584         512            
750            149736         512            
751            150064         512            
752            150184         512            
753            151400         328            
754            150344         512            
755            150832         512            
756            150992         512            
757            151128         512            
758            151264         512            
759            151728         512            
760            149888         512            
761            152216         512            
762            150024         512            
763            152352         1056           
764            156232         352            
765            153168         328            
766            153016         512            
767            153496         512            
768            153648         512            
769            153800         512            
770            154872         328            
771            153952         512            
772            154104         512            
773            154432         512            
774            154552         512            
775            155768         328            
776            154712         512            
777            155200         512            
778            155360         512            
779            155496         512            
780            155632         512            
781            156096         512            
782            154256         512            
783            156584         512            
784            154392         512            
785            156720         1056           
786            160600         352            
787            157536         328            
788            157384         512            
789            157864         512            
790            158016         512            
791            158168         512            
792            159240         328            
793            158320         512            
794            158472         512            
795            158800         512            
796            158920         512            
797            160136         328            
798            159080         512            
799            159568         512            
800            159728         512            
801            159864         512            
802            160000         512            
803            160464         512            
804            158624         512            
805            160952         512            
806            179552         328            
807            158760         512            
808            161088         1056           
809            165296         352            
810            162232         328            
811            162080         512            
812            162560         512            
813            162712         512            
814            162864         512            
815            163936         328            
816            163016         512            
817            163168         512            
818            163496         512            
819            163616         512            
820            164832         328            
821            163776         512            
822            164264         512            
823            164424         512            
824            164560         512            
825            164696         512            
826            165160         512            
827            163320         512            
828            165648         512            
829            163456         512            
830            165784         1056           
831            169664         352            
832            166600         328            
833            166448         512            
834            166928         512            
835            167080         512            
836            167232         512            
837            168304         328            
838            167384         512            
839            167536         512            
840            167864         512            
841            167984         512            
842            169200         328            
843            168144         512            
844            168632         512            
845            168792         512            
846            168928         512            
847            169064         512            
848            169528         512            
849            167688         512            
850            170016         512            
851            167824         512            
852            170152         1056           
853            174032         352            
854            170968         328            
855            170816         512            
856            171296         512            
857            171448         512            
858            171600         512            
859            172672         328            
860            171752         512            
861            171904         512            
862            172232         512            
863            172352         512            
864            173568         328            
865            172512         512            
866            173000         512            
867            173160         512            
868            173296         512            
869            173432         512            
870            173896         512            
871            172056         512            
872            174384         512            
873            172192         512            
874            174520         1056           
875            178400         352            
876            175336         328            
877            175184         512            
878            175664         512            
879            175816         512            
880            175968         512            
881            177040         328            
882            176120         512            
883            176272         512            
884            176600         512            
885            176720         512            
886            177936         328            
887            176880         512            
888            177368         512            
889            177528         512            
890            177664         512            
891            177800         512            
892            178264         512            
893            176424         512            
894            178752         512            
895            197632         328            
896            176560         512            
897            178888         1056           
898            183096         352            
899            180032         328            
900            179880         512            
901            180360         512            
902            180512         512            
903            180664         512            
904            181736         328            
905            180816         512            
906            180968         512            
907            181296         512            
908            181416         512            
909            182632         328            
910            181576         512            
911            182064         512            
912            182224         512            
913            182360         512            
914            182496         512            
915            182960         512            
916            181120         512            
917            183448         512            
918            181256         512            
919            183584         1056           
920            187744         352            
921            184952         328            
922            85896          512            
923            86048          512            
924            185280         512            
925            185432         512            
926            186384         328            
927            185584         512            
928            185736         512            
929            86200          512            
930            186064         512            
931            187280         328            
932            186224         512            
933            186712         512            
934            186872         512            
935            187008         512            
936            187144         512            
937            187608         512            
938            185888         512            
939            188096         512            
940            186024         512            
941            188232         1056           
942            192112         352            
943            189048         328            
944            188896         512            
945            189376         512            
946            189528         512            
947            189680         512            
948            190752         328            
949            189832         512            
950            189984         512            
951            190312         512            
952            190432         512            
953            191648         328            
954            190592         512            
955            191080         512            
956            191240         512            
957            191376         512            
958            191512         512            
959            191976         512            
960            190136         512            
961            192464         512            
962            190272         512            
963            192600         1056           
964            196480         352            
965            193416         328            
966            193264         512            
967            193744         512            
968            193896         512            
969            194048         512            
970            195120         328            
971            194200         512            
972            194352         512            
973            194680         512            
974            194800         512            
975            196016         328            
976            194960         512            
977            195448         512            
978            195608         512            
979            195744         512            
980            195880         512            
981            196344         512            
982            194504         512            
983            196832         512            
984            215432         328            
985            194640         512            
986            196968         1056           
987            201176         352            
988            198112         328            
989            197960         512            
990            198440         512            
991            198592         512            
992            198744         512            
993            199816         328            
994            198896         512            
995            199048         512            
996            199376         512            
997            199496         512            
998            200712         328            
999            199656         512            
1000           200144         512            
1001           200304         512            
1002           200440         512            
1003           200576         512            
1004           201040         512            
1005           199200         512            
1006           201528         512            
1007           199336         512            
1008           201664         1056           
1009           205544         352            
1010           202480         328            
1011           202328         512            
1012           202808         512            
1013           202960         512            
1014           203112         512            
1015           204184         328            
1016           203264         512            
1017           203416         512            
1018           203744         512            
1019           203864         512            
1020           205080         328            
1021           204024         512            
1022           204512         512            
1023           204672         512            
1024           204808         512            
1025           204944         512            
1026           205408         512            
1027           203568         512            
1028           205896         512            
1029           203704         512            
1030           206032         1056           
1031           209912         352            
1032           206848         328            
1033           206696         512            
1034           207176         512            
1035           207328         512            
1036           207480         512            
1037           208552         328            
1038           207632         512            
1039           207784         512            
1040           208112         512            
1041           208232         512            
1042           209448         328            
1043           208392         512            
1044           208880         512            
1045           209040         512            
1046           209176         512            
1047           209312         512            
1048           209776         512            
1049           207936         512            
1050           210264         512            
1051           208072         512            
1052           210400         1056           
1053           214280         352            
1054           211216         328            
1055           211064         512            
1056           211544         512            
1057           211696         512            
1058           211848         512            
1059           212920         328            
1060           212000         512            
1061           212152         512            
1062           212480         512            
1063           212600         512            
1064           213816         328            
1065           212760         512            
1066           213248         512            
1067           213408         512            
1068           213544         512            
1069           213680         512            
1070           214144         512            
1071           212304         512            
1072           214632         512            
1073           233232         328            
1074           212440         512            
1075           214768         1056           
1076           218976         352            
1077           215912         328            
1078           215760         512            
1079           216240         512            
1080           216392         512            
1081           216544         512            
1082           217616         328            
1083           216696         512            
1084           216848         512            
1085           217176         512            
1086           217296         512            
1087           218512         328            
1088           217456         512            
1089           217944         512            
1090           218104         512            
1091           218240         512            
1092           218376         512            
1093           218840         512            
1094           217000         512            
1095           219328         512            
1096           217136         512            
1097           219464         1056           
1098           223344         352            
1099           220280         328            
1100           220128         512            
1101           220608         512            
1102           220760         512            
1103           220912         512            
1104           221984         328            
1105           221064         512            
1106           221216         512            
1107           221544         512            
1108           221664         512            
1109           222880         328            
1110           221824         512            
1111           222312         512            
1112           222472         512            
1113           222608         512            
1114           222744         512            
1115           223208         512            
1116           221368         512            
1117           223696         512            
1118           221504         512            
1119           223832         1056           
1120           227712         352            
1121           224648         328            
1122           224496         512            
1123           224976         512            
1124           225128         512            
1125           225280         512            
1126           226352         328            
1127           225432         512            
1128           225584         512            
1129           225912         512            
1130           226032         512            
1131           227248         328            
1132           226192         512            
1133           226680         512            
1134           226840         512            
1135           226976         512            
1136           227112         512            
1137           227576         512            
1138           225736         512            
1139           228064         512            
1140           225872         512            
1141           228200         1056           
1142           232080         352            
1143           229016         328            
1144           228864         512            
1145           229344         512            
1146           229496         512            
1147           229648         512            
1148           230720         328            
1149           229800         512            
1150           229952         512            
1151           230280         512            
1152           230400         512            
1153           231616         328            
1154           230560         512            
1155           231048         512            
1156           231208         512            
1157           231344         512            
1158           231480         512            
1159           231944         512            
1160           230104         512            
1161           232432         512            
1162           251032         328            
1163           230240         512            
1164           232568         1056           
1165           236776         352            
1166           233712         328            
1167           233560         512            
1168           234040         512            
1169           234192         512            
1170           234344         512            
1171           235416         328            
1172           234496         512            
1173           234648         512            
1174           234976         512            
1175           235096         512            
1176           236312         328            
1177           235256         512            
1178           235744         512            
1179           235904         512            
1180           236040         512            
1181           236176         512            
1182           236640         512            
1183           234800         512            
1184           237128         512            
1185           234936         512            
1186           237264         1056           
1187           241144         352            
1188           238080         328            
1189           237928         512            
1190           238408         512            
1191           238560         512            
1192           238712         512            
1193           239784         328            
1194           238864         512            
1195           239016         512            
1196           239344         512            
1197           239464         512            
1198           240680         328            
1199           239624         512            
1200           240112         512            
1201           240272         512            
1202           240408         512            
1203           240544         512            
1204           241008         512            
1205           239168         512            
1206           241496         512            
1207           239304         512            
1208           241632         1056           
1209           245512         352            
1210           242448         328            
1211           242296         512            
1212           242776         512            
1213           242928         512            
1214           243080         512            
1215           244152         328            
1216           243232         512            
1217           243384         512            
1218           243712         512            
1219           243832         512            
1220           245048         328            
1221           243992         512            
1222           244480         512            
1223           244640         512            
1224           244776         512            
1225           244912         512            
1226           245376         512            
1227           243536         512            
1228           245864         512            
1229           243672         512            
1230           246000         1056           
1231           249880         352            
1232           246816         328            
1233           246664         512            
1234           247144         512            
1235           247296         512            
1236           247448         512            
1237           248520         328            
1238           247600         512            
1239           247752         512            
1240           248080         512            
1241           248200         512            
1242           249416         328            
1243           248360         512            
1244           248848         512            
1245           249008         512            
1246           249144         512            
1247           249280         512            
1248           249744         512            
1249           247904         512            
1250           250232         512            
1251           268832         328            
1252           248040         512            
1253           250368         1056           
1254           254576         352            
1255           251512         328            
1256           251360         512            
1257           251840         512            
1258           251992         512            
1259           252144         512            
1260           253216         328            
1261           252296         512            
1262           252448         512            
1263           252776         512            
1264           252896         512            
1265           254112         328            
1266           253056         512            
1267           253544         512            
1268           253704         512            
1269           253840         512            
1270           253976         512            
1271           254440         512            
1272           252600         512            
1273           254928         512            
1274           252736         512            
1275           255064         1056           
1276           258944         352            
1277           255880         328            
1278           255728         512            
1279           256208         512            
1280           256360         512            
1281           256512         512            
1282           257584         328            
1283           256664         512            
1284           256816         512            
1285           257144         512            
1286           257264         512            
1287           258480         328            
1288           257424         512            
1289           257912         512            
1290           258072         512            
1291           258208         512            
1292           258344         512            
1293           258808         512            
1294           256968         512            
1295           259296         512            
1296           257104         512            
1297           259432         1056           
1298           263312         352            
1299           260248         328            
1300           260096         512            
1301           260576         512            
1302           260728         512            
1303           260880         512            
1304           261952         328            
1305           261032         512            
1306           261184         512            
1307           261512         512            
1308           261632         512            
1309           262848         328            
1310           261792         512            
1311           262280         512            
1312           262440         512            
1313           262576         512            
1314           262712         512            
1315           263176         512            
1316           261336         512            
1317           263664         512            
1318           261472         512            
1319           263800         1056           
1320           267680         352            
1321           264616         328            
1322           264464         512            
1323           264944         512            
1324           265096         512            
1325           265248         512            
1326           266320         328            
1327           265400         512            
1328           265552         512            
1329           265880         512            
1330           266000         512            
1331           267216         328            
1332           266160         512            
1333           266648         512            
1334           266808         512            
1335           266944         512            
1336           267080         512            
1337           267544         512            
1338           265704         512            
1339           268032         512            
1340           265840         512            
1341           268168         1056           
1342           272376         352            
1343           269312         328            
1344           269160         512            
1345           269640         512            
1346           269792         512            
1347           269944         512            
1348           271016         328            
1349           270096         512            
1350           270248         512            
1351           270576         512            
1352           270696         512            
1353           271912         328            
1354           270856         512            
1355           271344         512            
1356           271504         512            
1357           271640         512            
1358           271776         512            
1359           272240         512            
1360           270400         512            
1361           272728         512            
1362           270536         512            
1363           272864         1056           
1364           276744         352            
1365           273680         328            
1366           273528         512            
1367           274008         512            
1368           274160         512            
1369           274312         512            
1370           275384         328            
1371           274464         512            
1372           274616         512            
1373           274944         512            
1374           275064         512            
1375           276280         328            
1376           275224         512            
1377           275712         512            
1378           275872         512            
1379           276008         512            
1380           276144         512            
1381           276608         512            
1382           274768         512            
1383           277096         512            
1384           274904         512            
1385           277232         1056           
1386           281112         352            
1387           278048         328            
1388           277896         512            
1389           278376         512            
1390           278528         512            
1391           278680         512            
1392           279752         328            
1393           278832         512            
1394           278984         512            
1395           279312         512            
1396           279432         512            
1397           280648         328            
1398           279592         512            
1399           280080         512            
1400           280240         512            
1401           280376         512            
1402           280512         512            
1403           280976         512            
1404           279136         512            
1405           281464         512            
1406           279272         512            
1407           281600         1056           
1408           285480         352            
1409           282416         328            
1410           282264         512            
1411           282744         512            
1412           282896         512            
1413           283048         512            
1414           284120         328            
1415           283200         512            
1416           283352         512            
1417           283680         512            
1418           283800         512            
1419           285016         328            
1420           283960         512            
1421           284448         512            
1422           284608         512            
1423           284744         512            
1424           284880         512            
1425           285344         512            
1426           283504         512            
1427           285832         512            
