Segment        Offset         Length         
0              0              8              
1              0              16             
2              16             80             
3              96             512            
4              136            544            
5              680            512            
6              800            512            
7              840            544            
8              1384           512            
9              1504           328            
10             1832           512            
11             49072          328            
12             49400          512            
13             49552          512            
14             49704          512            
15             49856          512            
16             50008          512            
17             50160          512            
18             50296          512            
19             50336          512            
20             50456          512            
21             50616          512            
22             50776          328            
23             291144         512            
24             291304         512            
25             291440         512            
26             291576         512            
27             291712         328            
28             292040         512            
29             292176         352            
30             292528         512            
31             292664         512            
32             292784         512            
33             292936         512            
34             315464         544            
35             316008         328            
36             316336         512            
37             316488         512            
38             316640         512            
39             316792         512            
40             316944         512            
41             317080         512            
42             317120         512            
43             317240         512            
44             528716         512            
45             528876         328            
46             529204         512            
47             529364         512            
48             529500         512            
49             529636         512            
50             529772         328            
51             530100         512            
52             530236         352            
53             530588         512            
54             530724         512            
55             563804         544            
56             564348         512            
57             564468         512            
58             564620         328            
59             564948         512            
60             565100         512            
61             565252         512            
62             565404         512            
63             565556         512            
64             565708         512            
65             606108         512            
66             606244         512            
67             606284         512            
68             606444         512            
69             606604         328            
70             606932         512            
71             607092         512            
72             607228         512            
73             607364         512            
74             607500         328            
75             607828         512            
76             607964         512            
77             624044         352            
78             624396         544            
79             624940         512            
80             625060         512            
81             625212         328            
82             625540         512            
83             625692         512            
84             625844         512            
85             682172         512            
86             682324         512            
87             682476         512            
88             682612         512            
89             682652         512            
90             682772         512            
91             682932         512            
92             683092         328            
93             683420         512            
94             683580         512            
95             683716         512            
96             683852         512            
97             683988         512            
98             736716         328            
99             737044         352            
100            737396         512            
101            737532         544            
102            738076         512            
103            738196         512            
104            738348         328            
105            747116         512            
106            747268         512            
107            747420         512            
108            747572         512            
109            747724         512            
110            747876         512            
111            748012         512            
112            748052         512            
113            748172         512            
114            748332         512            
115            748492         328            
116            748820         512            
117            748980         512            
118            775016         512            
119            775152         512            
120            775288         328            
121            775616         512            
122            775752         352            
123            776104         512            
124            776240         544            
125            776784         512            
126            776904         512            
127            780568         328            
128            780896         512            
129            781048         512            
130            781200         512            
131            781352         512            
132            781504         512            
133            781656         512            
134            781792         512            
135            781832         512            
136            781952         512            
137            782112         512            
138            782272         328            
139            810868         512            
140            811028         512            
141            811164         512            
142            811300         512            
143            811436         328            
144            811764         512            
145            811900         352            
146            812252         512            
147            812388         512            
148            812508         512            
149            812660         512            
150            816068         544            
151            816612         328            
152            816940         512            
153            817092         512            
154            817244         512            
155            817396         512            
156            817548         512            
157            817684         512            
158            817724         512            
159            817844         512            
160            1001696        512            
161            1001856        328            
162            1002184        512            
163            1002344        512            
164            1002480        512            
165            1002616        512            
166            1002752        328            
167            1003080        512            
168            1003216        352            
169            1003568        512            
170            1003704        512            
171            1026828        544            
172            1027372        512            
173            1027492        512            
174            1027644        328            
175            1027972        512            
176            1028124        512            
177            1028276        512            
178            1028428        512            
179            1028580        512            
180            1028732        512            
181            1111308        512            
182            1111444        512            
183            1111484        512            
184            1111644        512            
185            1111804        328            
186            1112132        512            
187            1112292        512            
188            1112428        512            
189            1112564        512            
190            1112700        328            
191            1113028        512            
192            1113164        512            
193            1144900        352            
194            1145252        544            
195            1145796        512            
196            1145828        512            
197            1146092        328            
198            1146420        512            
199            1146572        328            
200            1165940        512            
201            1166092        512            
202            1166244        512            
203            1166396        512            
204            1166548        512            
205            1166700        512            
206            1166836        512            
207            1166876        512            
208            1166996        512            
209            1167156        512            
210            1167316        328            
211            1167644        512            
212            1167804        512            
213            1265500        512            
214            1265636        512            
215            1265772        328            
216            1266100        512            
217            1266236        352            
218            1266588        512            
219            1266724        544            
220            1267268        512            
221            1267388        512            
222            1278644        328            
223            1278972        512            
224            1279124        512            
225            1279276        512            
226            1279428        512            
227            1279580        512            
228            1279732        512            
229            1279868        512            
230            1279908        512            
231            1280028        512            
232            1280188        512            
233            1280348        328            
234            1324372        512            
235            1324532        512            
236            1324668        512            
237            1324804        512            
238            1324940        328            
239            1325268        512            
240            1325404        352            
241            1325756        512            
242            1325892        512            
243            1326012        512            
244            1326164        512            
245            1330996        544            
246            1331540        328            
247            1331868        512            
248            1332020        512            
249            1332172        512            
250            1332324        512            
251            1332476        512            
252            1332612        512            
253            1332652        512            
254            1332772        512            
255            1443512        512            
256            1443672        328            
257            1444000        512            
258            1444160        512            
259            1444296        512            
260            1444432        512            
261            1444568        328            
262            1444896        512            
263            1445032        352            
264            1445384        512            
265            1445520        512            
266            1463644        544            
267            1464188        512            
268            1464308        512            
269            1464460        328            
270            1464788        512            
271            1464940        512            
272            1465092        512            
273            1465244        512            
274            1465396        512            
275            1465548        512            
276            1677516        512            
277            1677652        512            
278            1677692        512            
279            1677852        512            
280            1678012        328            
281            1678340        512            
282            1678500        512            
283            1678636        512            
284            1678772        512            
285            1678908        328            
286            1679236        512            
287            1679372        512            
288            1755056        352            
289            1755408        544            
290            1755952        512            
291            1756072        328            
292            1756400        512            
293            1756552        328            
294            1756880        512            
295            1823984        512            
296            1824136        512            
297            1824288        512            
298            1824440        512            
299            1824592        512            
300            1824728        512            
301            1824768        512            
302            1824888        512            
303            1825048        512            
304            1825208        328            
305            1825536        512            
306            1825696        512            
307            1825832        512            
308            1996276        512            
309            1996412        328            
310            1996740        512            
311            1996876        352            
312            1997228        512            
313            1997364        544            
314            1997908        512            
315            1998028        512            
316            1998180        512            
317            2014156        328            
318            2014484        512            
319            2014636        512            
320            2014788        512            
321            2014940        512            
322            2015092        512            
323            2015244        512            
324            2015380        512            
325            2015420        512            
326            2015580        512            
327            2015740        328            
328            2016068        512            
329            2088556        512            
330            2088716        512            
331            2088852        512            
332            2088988        328            
333            2089316        512            
334            2089452        352            
335            2089804        512            
336            2089940        544            
337            2090484        512            
338            2119420        512            
339            2119572        328            
340            2119900        512            
341            2120052        512            
342            2120204        512            
343            2120356        512            
344            2120508        512            
345            2120660        512            
346            2120796        512            
347            2120836        512            
348            2120956        512            
349            2121116        512            
350            2121276        512            
351            2284580        328            
352            2284908        512            
353            2285044        512            
354            2285180        512            
355            2285316        328            
356            2285644        512            
357            2285780        352            
358            2286132        512            
359            2286268        512            
360            2286388        512            
361            2321120        544            
362            2321664        328            
363            2321992        512            
364            2322144        512            
365            2322296        512            
366            2322448        512            
367            2322600        512            
368            2322752        512            
369            2322888        512            
370            2322928        512            
371            2323048        512            
372            2852688        512            
373            2852848        512            
374            2853008        328            
375            2853336        512            
376            2853496        512            
377            2853632        512            
378            2853768        512            
379            2853904        328            
380            2854232        512            
381            2854368        352            
382            2994428        512            
383            2994564        544            
384            2995108        328            
385            2995436        512            
386            2995588        328            
387            2995916        512            
388            2996068        512            
389            2996220        512            
390            3162604        512            
391            3162756        512            
392            3162908        512            
393            3163044        512            
394            3163084        512            
395            3163204        512            
396            3163364        512            
397            3163524        328            
398            3163852        512            
399            3164012        512            
400            3164148        512            
401            3164284        512            
402            3164420        512            
403            3249708        328            
404            3250036        352            
405            3250388        512            
406            3250524        544            
407            3251068        512            
408            3251188        512            
409            3251340        328            
410            3343884        512            
411            3344036        512            
412            3344188        512            
413            3344340        512            
414            3344492        512            
415            3344644        512            
416            3344780        512            
417            3344820        512            
418            3344940        512            
419            3345100        512            
420            3345260        328            
421            3345588        512            
422            3345748        512            
423            3577736        512            
424            3577872        512            
425            3578008        328            
426            3578336        512            
427            3578472        352            
428            3578824        512            
429            3578960        544            
430            3579504        512            
431            3579624        512            
432            3596208        328            
433            3596536        512            
434            3596688        512            
435            3596840        512            
436            3596992        512            
437            3597144        512            
438            3597296        512            
439            3597432        512            
440            3597472        512            
441            3597592        512            
442            3597752        512            
443            3597912        328            
444            3653912        512            
445            3654072        512            
446            3654208        512            
447            3654344        512            
448            3654480        328            
449            3654808        512            
450            3654944        352            
451            3655296        512            
452            3655432        512            
453            3655464        328            
454            3655792        512            
455            3661144        544            
456            3661688        328            
457            3662016        512            
458            3662168        512            
459            3662320        512            
460            3662472        512            
461            3662624        512            
462            3662776        512            
463            3662912        512            
464            3662952        512            
465            3663072        512            
466            3720972        512            
467            3721132        512            
468            3721292        328            
469            3721620        512            
470            3721780        512            
471            3721916        512            
472            3722052        512            
473            3722188        328            
474            3722516        512            
475            3722652        352            
476            3744312        512            
477            3744448        544            
478            3744992        328            
479            3745320        512            
480            3745472        328            
481            3745800        512            
482            3745952        512            
483            3746104        512            
484            4173432        512            
485            4173584        512            
486            4173736        512            
487            4173872        512            
488            4173912        512            
489            4174032        512            
490            4174192        512            
491            4174352        328            
492            4174680        512            
493            4174840        512            
494            4174976        512            
495            4175112        512            
496            4175248        512            
497            4521868        328            
498            4522196        352            
499            4522548        512            
500            4522684        544            
501            4523228        512            
502            4523348        512            
503            4523500        328            
504            4576164        512            
505            4576316        512            
506            4576468        512            
507            4576620        512            
508            4576772        512            
509            4576924        512            
510            4577060        512            
511            4577100        512            
512            4577220        512            
513            4577380        512            
514            4577540        328            
515            4577868        512            
516            4578028        512            
517            4696812        512            
518            4696948        512            
519            4697084        328            
520            4697412        512            
521            4697548        352            
522            4697900        512            
523            4698036        544            
524            4698580        512            
525            4698700        512            
526            4733948        328            
527            4734276        512            
528            4734428        512            
529            4734580        512            
530            4734732        512            
531            4734884        512            
532            4735036        512            
533            4735172        512            
534            4735212        512            
535            4735332        512            
536            4735492        512            
537            4735652        328            
538            4976108        512            
539            4976268        512            
540            4976404        512            
541            4976540        512            
542            4976676        328            
543            4977004        512            
544            4977140        352            
545            4977492        512            
546            4977628        512            
547            4977748        512            
548            4977900        512            
549            5001644        544            
550            5002188        328            
551            5002516        512            
552            5002668        512            
553            5002820        512            
554            5002972        512            
555            5003124        512            
556            5003260        512            
557            5003300        512            
558            5003420        512            
559            5205992        512            
560            5206152        328            
561            5206480        512            
562            5206640        512            
563            5206776        512            
564            5206912        512            
565            5207048        328            
566            5207376        512            
567            5207512        352            
568            5207864        512            
569            5208000        512            
570            5256868        544            
571            5257412        512            
572            5257532        328            
573            5257860        512            
574            5258012        328            
575            5258340        512            
576            5258492        512            
577            5258644        512            
578            5258796        512            
579            5276884        512            
580            5277036        512            
581            5277188        512            
582            5277324        512            
583            5277364        512            
584            5277524        512            
585            5277684        328            
586            5278012        512            
587            5278172        512            
588            5278308        512            
589            5278444        512            
590            5278580        328            
591            5328004        512            
592            5328140        352            
593            5328492        512            
594            5328628        544            
595            5329172        512            
596            5329292        512            
597            5329444        328            
598            5329772        512            
599            5329924        512            
600            5345564        512            
601            5345716        512            
602            5345868        512            
603            5346020        512            
604            5346172        512            
605            5346308        512            
606            5346348        512            
607            5346508        512            
608            5346668        328            
609            5346996        512            
610            5347156        512            
611            5347292        512            
612            5347428        512            
613            5418868        328            
614            5419196        512            
615            5419332        352            
616            5419684        512            
617            5419820        544            
618            5420364        512            
619            5420484        512            
620            5420636        512            
621            5420788        512            
622            5441316        328            
623            5441644        512            
624            5441796        512            
625            5441948        512            
626            5442100        512            
627            5442252        512            
628            5442388        512            
629            5442428        512            
630            5442588        512            
631            5442748        328            
632            5443076        512            
633            5443236        512            
634            5638648        512            
635            5638784        512            
636            5638920        512            
637            5639056        328            
638            5639384        512            
639            5639520        352            
640            5639872        512            
641            5640008        544            
642            5640552        512            
643            5659592        512            
644            5659744        328            
645            5660072        512            
646            5660224        512            
647            5660376        512            
648            5660528        512            
649            5660680        512            
650            5660832        512            
651            5660968        512            
652            5661008        512            
653            5661168        512            
654            5661328        512            
655            5661488        512            
656            5689304        328            
657            5689632        512            
658            5689768        512            
659            5689904        328            
660            5690232        512            
661            5690368        352            
662            5690720        512            
663            5690856        512            
664            5690976        328            
665            5696056        544            
666            5696600        512            
667            5696752        328            
668            5697080        512            
669            5697232        512            
670            5697384        512            
671            5697536        512            
672            5697688        512            
673            5697840        512            
674            5697976        512            
675            5867672        512            
676            5867792        512            
677            5867952        512            
678            5868112        328            
679            5868440        512            
680            5868600        512            
681            5868736        512            
682            5868872        512            
683            5869008        328            
684            5869336        512            
685            5869472        512            
686            5913804        352            
687            5914156        544            
688            5914700        512            
689            5914852        328            
690            5915180        512            
691            5915332        512            
692            5915484        512            
693            5915636        512            
694            6012364        512            
695            6012516        512            
696            6012652        512            
697            6012692        512            
698            6012812        512            
699            6012972        512            
700            6013132        328            
701            6013460        512            
702            6013620        512            
703            6013756        512            
704            6013892        512            
705            6014028        328            
706            6044008        512            
707            6044144        352            
708            6044496        512            
709            6044632        544            
710            6045176        512            
711            6045296        512            
712            6045448        328            
713            6045776        512            
714            6045928        512            
715            6141656        512            
716            6141808        512            
717            6141960        512            
718            6142112        512            
719            6142264        512            
720            6142400        512            
721            6142440        512            
722            6142600        512            
723            6142760        328            
724            6143088        512            
725            6143248        512            
726            6143384        512            
727            6143520        512            
728            6489376        328            
729            6489704        512            
730            6489840        352            
731            6490192        512            
732            6490328        544            
733            6490872        512            
734            6490992        512            
735            6491144        512            
736            6491296        512            
737            6522784        328            
738            6523112        512            
739            6523264        512            
740            6523416        512            
741            6523568        512            
742            6523720        512            
743            6523856        512            
744            6523896        512            
745            6524056        512            
746            6524216        328            
747            6524544        512            
748            6524704        512            
749            6624132        512            
750            6624268        512            
751            6624404        512            
752            6624540        328            
753            6624868        512            
754            6625004        352            
755            6625356        512            
756            6625492        544            
757            6626036        512            
758            6634108        328            
759            6634436        512            
760            6634588        328            
761            6634916        512            
762            6635068        512            
763            6635220        512            
764            6635372        512            
765            6635524        512            
766            6635676        512            
767            6635812        512            
768            6635852        512            
769            6636012        512            
770            6714972        512            
771            6715132        328            
772            6715460        512            
773            6715620        512            
774            6715756        512            
775            6715892        328            
776            6716220        512            
777            6716356        352            
778            6716708        512            
779            6716844        512            
780            6716876        512            
781            6732576        544            
782            6733120        512            
783            6733272        328            
784            6733600        512            
785            6733752        512            
786            6733904        512            
787            6734056        512            
788            6734208        512            
789            6734360        512            
790            6734496        512            
791            7150908        512            
792            7151068        512            
793            7151228        328            
794            7151556        512            
795            7151716        512            
796            7151852        512            
797            7151988        512            
798            7152124        328            
799            7152452        512            
800            7152588        352            
801            7252204        512            
802            7252340        544            
803            7252884        512            
804            7253036        328            
805            7253364        512            
806            7253516        512            
807            7253668        512            
808            7253820        512            
809            7253972        512            
810            7254124        512            
811            7432316        512            
812            7432452        512            
813            7432492        512            
814            7432652        512            
815            7432812        328            
816            7433140        512            
817            7433300        512            
818            7433436        512            
819            7433572        512            
820            7433708        328            
821            7434036        512            
822            7434172        512            
823            7491292        352            
824            7491644        544            
825            7492188        512            
826            7492308        512            
827            7492460        328            
828            7492788        512            
829            7492940        512            
830            7493092        512            
831            7523268        512            
832            7523420        512            
833            7523572        512            
834            7523708        512            
835            7523748        512            
836            7523868        512            
837            7524028        512            
838            7524188        328            
839            7524516        512            
840            7524676        512            
841            7524812        512            
842            7524948        512            
843            7525084        512            
844            7552100        328            
845            7552428        352            
846            7552780        512            
847            7552916        544            
848            7553460        512            
849            7553580        328            
850            7553908        512            
851            7564676        328            
852            7565004        512            
853            7565156        512            
854            7565308        512            
855            7565460        512            
856            7565612        512            
857            7565764        512            
858            7565900        512            
859            7565940        512            
860            7566060        512            
861            7566220        512            
862            7566380        328            
863            7716612        512            
864            7716772        512            
865            7716908        512            
866            7717044        512            
867            7717180        328            
868            7717508        512            
869            7717644        352            
870            7717996        512            
871            7718132        512            
872            7718252        512            
873            7718404        512            
874            7734916        544            
875            7735460        328            
876            7735788        512            
877            7735940        512            
878            7736092        512            
879            7736244        512            
880            7736396        512            
881            7736532        512            
882            7736572        512            
883            7736692        512            
884            7862184        512            
885            7862344        328            
886            7862672        512            
887            7862832        512            
888            7862968        512            
889            7863104        512            
890            7863240        328            
891            7863568        512            
892            7863704        352            
893            7864056        512            
894            7864192        512            
895            7888116        544            
896            7888660        512            
897            7888780        512            
898            7888932        328            
899            7889260        512            
900            7889412        512            
901            7889564        512            
902            7889716        512            
903            7889868        512            
904            7890020        512            
905            7956804        512            
906            7956940        512            
907            7956980        512            
908            7957140        512            
909            7957300        328            
910            7957628        512            
911            7957788        512            
912            7957924        512            
913            7958060        512            
914            7958196        328            
915            7958524        512            
916            7958660        512            
917            7984072        352            
918            7984424        544            
919            7984968        512            
920            7985088        512            
921            7985240        328            
922            7985568        512            
923            7985720        512            
924            7985872        512            
925            8060240        512            
926            8060392        512            
927            8060544        512            
928            8060680        512            
929            8060720        512            
930            8060840        512            
931            8061000        512            
932            8061160        328            
933            8061488        512            
934            8061648        512            
935            8061784        512            
936            8061920        512            
937            8062056        512            
938            8123788        328            
939            8124116        352            
940            8124468        512            
941            8124604        544            
942            8125148        512            
943            8125268        328            
944            8125596        512            
945            8135588        328            
946            8135916        512            
947            8136068        512            
948            8136220        512            
949            8136372        512            
950            8136524        512            
951            8136676        512            
952            8136812        512            
953            8136852        512            
954            8136972        512            
955            8137132        512            
956            8137292        328            
957            8183540        512            
958            8183700        512            
959            8183836        512            
960            8183972        512            
961            8184108        328            
962            8184436        512            
963            8184572        352            
964            8184924        512            
965            8185060        512            
966            8185180        512            
967            8185332        512            
968            8190260        544            
969            8190804        704            
970            8191508        512            
971            8191660        512            
972            8191812        512            
973            8191964        512            
974            8192100        512            
975            8192140        512            
976            8301008        512            
977            8301168        512            
978            8301328        328            
979            8301656        512            
980            8301816        512            
981            8301952        512            
982            8302088        512            
983            8302224        328            
984            8302552        512            
985            8302688        352            
986            8325260        512            
987            8325396        544            
988            8325940        512            
989            8326060        512            
990            8326212        328            
991            8326540        512            
992            8326692        512            
993            8326844        512            
994            8326996        512            
995            8327148        512            
996            8388844        512            
997            8388980        512            
998            8389020        512            
999            8389140        512            
1000           8389300        512            
1001           8389460        328            
1002           8389788        512            
1003           8389948        512            
1004           8390084        512            
1005           8390220        512            
1006           8390356        328            
1007           8390684        512            
1008           8409760        352            
1009           8410112        512            
1010           8410248        544            
1011           8410792        512            
1012           8410912        512            
1013           8411064        328            
1014           8411392        512            
1015           8411544        512            
1016           8475408        512            
1017           8475560        512            
1018           8475712        512            
1019           8475864        512            
1020           8476000        512            
1021           8476040        512            
1022           8476160        512            
1023           8476320        512            
1024           8476480        328            
1025           8476808        512            
1026           8476968        512            
1027           8477104        512            
1028           8477240        512            
1029           8533888        328            
1030           8534216        512            
1031           8534352        352            
1032           8534704        512            
1033           8534840        544            
1034           8535384        512            
1035           8535504        328            
1036           8549072        512            
1037           8549224        328            
1038           8549552        512            
1039           8549704        512            
1040           8549856        512            
1041           8550008        512            
1042           8550160        512            
1043           8550312        512            
1044           8550448        512            
1045           8550488        512            
1046           8550608        512            
1047           8550768        512            
1048           8550928        512            
1049           8626616        328            
1050           8626944        512            
1051           8627080        512            
1052           8627216        512            
1053           8627352        328            
1054           8627680        512            
1055           8627816        352            
1056           8628168        512            
1057           8628304        512            
1058           8628424        512            
1059           8642668        544            
1060           8643212        328            
1061           8643540        512            
1062           8643692        512            
1063           8643844        512            
1064           8643996        512            
1065           8644148        512            
1066           8644300        512            
1067           8644436        512            
1068           8644476        512            
1069           8644596        512            
1070           8702032        512            
1071           8702192        512            
1072           8702352        328            
1073           8702680        512            
1074           8702840        512            
1075           8702976        512            
1076           8703112        512            
1077           8703248        328            
1078           8703576        512            
1079           8703712        352            
1080           8721860        512            
1081           8721996        544            
1082           8722540        512            
1083           8722692        328            
1084           8723020        512            
1085           8723172        512            
1086           8723324        512            
1087           8723476        512            
1088           8723628        512            
1089           8723780        512            
1090           9118900        512            
1091           9119036        512            
1092           9119076        512            
1093           9119236        512            
1094           9119396        328            
1095           9119724        512            
1096           9119884        512            
1097           9120020        512            
1098           9120156        512            
1099           9120292        328            
1100           9120620        512            
1101           9120756        512            
1102           9230348        352            
1103           9230700        544            
1104           9231244        512            
1105           9231364        512            
1106           9231516        328            
1107           9231844        512            
1108           9231996        512            
1109           9232148        512            
1110           9341948        512            
1111           9342100        512            
1112           9342252        512            
1113           9342388        512            
1114           9342428        512            
1115           9342548        512            
1116           9342708        512            
1117           9342868        328            
1118           9343196        512            
1119           9343356        512            
1120           9343492        512            
1121           9343628        512            
1122           9343764        512            
1123           9419252        328            
1124           9419580        352            
1125           9419932        512            
1126           9420068        544            
1127           9420612        512            
1128           9420732        328            
1129           9421060        512            
1130           9431812        328            
1131           9432140        512            
1132           9432292        512            
1133           9432444        512            
1134           9432596        512            
1135           9432748        512            
1136           9432900        512            
1137           9433036        512            
1138           9433076        512            
1139           9433196        512            
1140           9433356        512            
1141           9433516        328            
1142           9501728        512            
1143           9501888        512            
1144           9502024        512            
1145           9502160        512            
1146           9502296        328            
1147           9502624        512            
1148           9502760        352            
1149           9503112        512            
1150           9503248        512            
1151           9503368        512            
1152           9503520        512            
1153           9511248        544            
1154           9511792        328            
1155           9512120        512            
1156           9512272        512            
1157           9512424        512            
1158           9512576        512            
1159           9512728        512            
1160           9512864        512            
1161           9512904        512            
1162           9513024        512            
1163           9752432        512            
1164           9752592        328            
1165           9752920        512            
1166           9753080        512            
1167           9753216        512            
1168           9753352        512            
1169           9753488        328            
1170           9753816        512            
1171           9753952        352            
1172           9754304        512            
1173           9754440        512            
1174           9796940        544            
1175           9797484        512            
1176           9797604        512            
1177           9797756        328            
1178           9798084        512            
1179           9798236        512            
1180           9798388        512            
1181           9798540        512            
1182           9798692        512            
1183           9798844        512            
1184           10026220       512            
1185           10026356       512            
1186           10026396       512            
1187           10026556       512            
1188           10026716       328            
1189           10027044       512            
1190           10027204       512            
1191           10027340       512            
1192           10027476       512            
1193           10027612       328            
1194           10027940       512            
1195           10028076       512            
1196           10101968       352            
1197           10102320       544            
1198           10102864       512            
1199           10102984       512            
1200           10103136       328            
1201           10103464       512            
1202           10103616       512            
1203           10103768       512            
1204           10246144       512            
1205           10246296       512            
1206           10246448       512            
1207           10246584       512            
1208           10246624       512            
1209           10246744       512            
1210           10246904       512            
1211           10247064       328            
1212           10247392       512            
1213           10247552       512            
1214           10247688       512            
1215           10247824       512            
1216           10247960       512            
1217           10336024       328            
1218           10336352       352            
1219           10336704       512            
1220           10336840       544            
1221           10337384       512            
1222           10337504       328            
1223           10337832       512            
1224           10363736       328            
1225           10364064       512            
1226           10364216       512            
1227           10364368       512            
1228           10364520       512            
1229           10364672       512            
1230           10364824       512            
1231           10364960       512            
1232           10365000       512            
1233           10365120       512            
1234           10365280       512            
1235           10365440       328            
1236           10520688       512            
1237           10520848       512            
1238           10520984       512            
1239           10521120       512            
1240           10521256       328            
1241           10521584       512            
1242           10521720       352            
1243           10522072       512            
1244           10522208       512            
1245           10522328       512            
1246           10522480       512            
1247           10538064       544            
1248           10538608       328            
1249           10538936       512            
1250           10539088       512            
1251           10539240       512            
1252           10539392       512            
1253           10539544       512            
1254           10539680       512            
1255           10539720       512            
1256           10539840       512            
1257           10590688       512            
1258           10590848       328            
1259           10591176       512            
1260           10591336       512            
1261           10591472       512            
1262           10591608       512            
1263           10591744       328            
1264           10592072       512            
1265           10592208       352            
1266           10592560       512            
1267           10592696       512            
1268           10600856       544            
1269           10601400       512            
1270           10601520       512            
1271           10601672       328            
1272           10602000       512            
1273           10602152       512            
1274           10602304       512            
1275           10602456       512            
1276           10602608       512            
1277           10602760       512            
1278           10718712       512            
1279           10718848       512            
1280           10718888       512            
1281           10719048       512            
1282           10719208       328            
1283           10719536       512            
1284           10719696       512            
1285           10719832       512            
1286           10719968       512            
1287           10720104       328            
1288           10720432       512            
1289           10720568       512            
1290           10768224       352            
1291           10768576       544            
1292           10769120       512            
1293           10769240       512            
1294           10769392       328            
1295           10769720       512            
1296           10769872       512            
1297           10770024       512            
1298           10816912       512            
1299           10817064       512            
1300           10817216       512            
1301           10817352       512            
1302           10817392       512            
1303           10817512       512            
1304           10817672       512            
1305           10817832       328            
1306           10818160       512            
1307           10818320       512            
1308           10818456       512            
1309           10818592       512            
1310           10818728       512            
1311           10861276       328            
1312           10861604       352            
1313           10861956       512            
1314           10862092       544            
1315           10862636       512            
1316           10862756       328            
1317           10863084       512            
1318           10885028       328            
1319           10885356       512            
1320           10885508       512            
1321           10885660       512            
1322           10885812       512            
1323           10885964       512            
1324           10886116       512            
1325           10886252       512            
1326           10886292       512            
1327           10886412       512            
1328           10886572       512            
1329           10886732       328            
1330           11028712       512            
1331           11028872       512            
1332           11029008       512            
1333           11029144       512            
1334           11029280       328            
1335           11029608       512            
1336           11029744       352            
1337           11030096       512            
1338           11030232       512            
1339           11030352       512            
1340           11030504       512            
1341           11043960       544            
1342           11044504       328            
1343           11044832       512            
1344           11044984       512            
1345           11045136       512            
1346           11045288       512            
1347           11045440       512            
1348           11045576       512            
1349           11045616       512            
1350           11045736       512            
1351           11119616       512            
1352           11119776       328            
1353           11120104       512            
1354           11120264       512            
1355           11120400       512            
1356           11120536       512            
1357           11120672       328            
1358           11121000       512            
1359           11121136       352            
1360           11121488       512            
1361           11135280       544            
1362           11135824       512            
1363           11135944       512            
1364           11136096       328            
1365           11136424       512            
1366           11136576       512            
1367           11136728       512            
1368           11136880       512            
1369           11137032       512            
1370           11137184       512            
1371           11218960       512            
1372           11219136       512            
1373           11219296       512            
1374           11219456       328            
1375           11219784       512            
1376           11219944       512            
1377           11220080       512            
1378           11220216       512            
1379           11220352       328            
1380           11220680       512            
1381           11220816       512            
1382           11253212       352            
1383           11253564       544            
1384           11254108       512            
1385           11254228       512            
1386           11254380       328            
1387           11254708       512            
1388           11254860       512            
1389           11255012       512            
1390           11318468       512            
1391           11318620       512            
1392           11318772       512            
1393           11318948       512            
1394           11319068       512            
1395           11319228       512            
1396           11319388       328            
1397           11319716       512            
1398           11319876       512            
1399           11320012       512            
1400           11320148       512            
1401           11320284       512            
1402           11355060       328            
1403           11355388       352            
1404           11355740       512            
1405           11355876       544            
1406           11356420       512            
1407           11356540       328            
1408           11356868       512            
1409           11376292       328            
1410           11376620       512            
1411           11376772       512            
1412           11376924       512            
1413           11377076       512            
1414           11377228       512            
1415           11377380       512            
1416           11377556       512            
1417           11377676       512            
1418           11377836       512            
1419           11377996       328            
1420           11543704       512            
1421           11543864       512            
1422           11544000       512            
1423           11544136       512            
1424           11544272       328            
1425           11544600       512            
1426           11544736       352            
1427           11545088       512            
1428           11545224       512            
1429           11545344       512            
1430           11545496       512            
1431           11562408       544            
1432           11562952       328            
1433           11563280       512            
1434           11563432       512            
1435           11563584       512            
1436           11563736       512            
1437           11563888       512            
1438           11564064       512            
1439           11564184       512            
1440           11636920       512            
1441           11637080       328            
1442           11637408       512            
1443           11637568       512            
1444           11637704       512            
1445           11637840       512            
1446           11637976       328            
1447           11638304       512            
1448           11638440       352            
1449           11638792       512            
1450           11652416       544            
1451           11652960       512            
1452           11653080       512            
1453           11653232       328            
1454           11653560       512            
1455           11653712       512            
1456           11653864       512            
1457           11654016       512            
1458           11654168       512            
1459           11654320       512            
1460           11905648       512            
1461           11905824       512            
1462           11905984       512            
1463           11906144       328            
1464           11906472       512            
1465           11906632       512            
1466           11906768       512            
1467           11906904       512            
1468           11907040       328            
1469           11907368       512            
1470           11907504       512            
1471           11993500       352            
1472           11993852       544            
1473           11994396       512            
1474           11994516       512            
1475           11994668       328            
1476           11994996       512            
1477           11995148       512            
1478           11995300       512            
1479           12154948       512            
1480           12155100       512            
1481           12155252       512            
1482           12155428       512            
1483           12155548       512            
1484           12155708       512            
1485           12155868       328            
1486           12156196       512            
1487           12156356       512            
1488           12156492       512            
1489           12156628       512            
1490           12156764       512            
1491           12245656       328            
1492           12245984       352            
1493           12246336       512            
