Segment        Offset         Length         
0              0              8              
1              0              608            
2              136            1056           
3              800            512            
4              840            1056           
5              1504           840            
6              49072          840            
7              49552          512            
8              49704          512            
9              49856          512            
10             50008          512            
11             50160          512            
12             50296          512            
13             50336          512            
14             50456          512            
15             50616          512            
16             50776          328            
17             291144         512            
18             291304         512            
19             291440         512            
20             291576         512            
21             291712         840            
22             292176         864            
23             292664         512            
24             292784         512            
25             292936         512            
26             315464         1384           
27             316488         512            
28             316640         512            
29             316792         512            
30             316944         512            
31             317080         512            
32             317120         512            
33             317240         512            
34             528716         512            
35             528876         840            
36             529364         512            
37             529500         512            
38             529636         512            
39             529772         840            
40             530236         864            
41             530724         512            
42             563804         1056           
43             564468         512            
44             564620         840            
45             565100         512            
46             565252         512            
47             565404         512            
48             565556         512            
49             565708         512            
50             606108         512            
51             606244         512            
52             606284         512            
53             606444         512            
54             606604         840            
55             607092         512            
56             607228         512            
57             607364         512            
58             607500         840            
59             607964         512            
60             624044         1408           
61             625060         512            
62             625212         840            
63             625692         512            
64             625844         512            
65             682172         512            
66             682324         512            
67             682476         512            
68             682612         512            
69             682652         512            
70             682772         512            
71             682932         512            
72             683092         840            
73             683580         512            
74             683716         512            
75             683852         512            
76             683988         512            
77             736716         1192           
78             737532         1056           
79             738196         512            
80             738348         328            
81             747116         512            
82             747268         512            
83             747420         512            
84             747572         512            
85             747724         512            
86             747876         512            
87             748012         512            
88             748052         512            
89             748172         512            
90             748332         512            
91             748492         840            
92             748980         512            
93             775016         512            
94             775152         512            
95             775288         840            
96             775752         864            
97             776240         1056           
98             776904         512            
99             780568         840            
100            781048         512            
101            781200         512            
102            781352         512            
103            781504         512            
104            781656         512            
105            781792         512            
106            781832         512            
107            781952         512            
108            782112         512            
109            782272         328            
110            810868         512            
111            811028         512            
112            811164         512            
113            811300         512            
114            811436         840            
115            811900         864            
116            812388         512            
117            812508         512            
118            812660         512            
119            816068         1384           
120            817092         512            
121            817244         512            
122            817396         512            
123            817548         512            
124            817684         512            
125            817724         512            
126            817844         512            
127            1001696        512            
128            1001856        840            
129            1002344        512            
130            1002480        512            
131            1002616        512            
132            1002752        840            
133            1003216        864            
134            1003704        512            
135            1026828        1056           
136            1027492        512            
137            1027644        840            
138            1028124        512            
139            1028276        512            
140            1028428        512            
141            1028580        512            
142            1028732        512            
143            1111308        512            
144            1111444        512            
145            1111484        512            
146            1111644        512            
147            1111804        840            
148            1112292        512            
149            1112428        512            
150            1112564        512            
151            1112700        840            
152            1113164        512            
153            1144900        1408           
154            1145828        512            
155            1146092        840            
156            1146572        328            
157            1165940        512            
158            1166092        512            
159            1166244        512            
160            1166396        512            
161            1166548        512            
162            1166700        512            
163            1166836        512            
164            1166876        512            
165            1166996        512            
166            1167156        512            
167            1167316        840            
168            1167804        512            
169            1265500        512            
170            1265636        512            
171            1265772        840            
172            1266236        864            
173            1266724        1056           
174            1267388        512            
175            1278644        840            
176            1279124        512            
177            1279276        512            
178            1279428        512            
179            1279580        512            
180            1279732        512            
181            1279868        512            
182            1279908        512            
183            1280028        512            
184            1280188        512            
185            1280348        328            
186            1324372        512            
187            1324532        512            
188            1324668        512            
189            1324804        512            
190            1324940        840            
191            1325404        864            
192            1325892        512            
193            1326012        512            
194            1326164        512            
195            1330996        1384           
196            1332020        512            
197            1332172        512            
198            1332324        512            
199            1332476        512            
200            1332612        512            
201            1332652        512            
202            1332772        512            
203            1443512        512            
204            1443672        840            
205            1444160        512            
206            1444296        512            
207            1444432        512            
208            1444568        840            
209            1445032        864            
210            1445520        512            
211            1463644        1056           
212            1464308        512            
213            1464460        840            
214            1464940        512            
215            1465092        512            
216            1465244        512            
217            1465396        512            
218            1465548        512            
219            1677516        512            
220            1677652        512            
221            1677692        512            
222            1677852        512            
223            1678012        840            
224            1678500        512            
225            1678636        512            
226            1678772        512            
227            1678908        840            
228            1679372        512            
229            1755056        1408           
230            1756072        840            
231            1756552        840            
232            1823984        512            
233            1824136        512            
234            1824288        512            
235            1824440        512            
236            1824592        512            
237            1824728        512            
238            1824768        512            
239            1824888        512            
240            1825048        512            
241            1825208        840            
242            1825696        512            
243            1825832        512            
244            1996276        512            
245            1996412        840            
246            1996876        864            
247            1997364        1056           
248            1998028        512            
249            1998180        512            
250            2014156        840            
251            2014636        512            
252            2014788        512            
253            2014940        512            
254            2015092        512            
255            2015244        512            
256            2015380        512            
257            2015420        512            
258            2015580        512            
259            2015740        840            
260            2088556        512            
261            2088716        512            
262            2088852        512            
263            2088988        840            
264            2089452        864            
265            2089940        1056           
266            2119420        512            
267            2119572        840            
268            2120052        512            
269            2120204        512            
270            2120356        512            
271            2120508        512            
272            2120660        512            
273            2120796        512            
274            2120836        512            
275            2120956        512            
276            2121116        512            
277            2121276        512            
278            2284580        840            
279            2285044        512            
280            2285180        512            
281            2285316        840            
282            2285780        864            
283            2286268        512            
284            2286388        512            
285            2321120        1384           
286            2322144        512            
287            2322296        512            
288            2322448        512            
289            2322600        512            
290            2322752        512            
291            2322888        512            
292            2322928        512            
293            2323048        512            
294            2852688        512            
295            2852848        512            
296            2853008        840            
297            2853496        512            
298            2853632        512            
299            2853768        512            
300            2853904        840            
301            2854368        352            
302            2994428        512            
303            2994564        1384           
304            2995588        840            
305            2996068        512            
306            2996220        512            
307            3162604        512            
308            3162756        512            
309            3162908        512            
310            3163044        512            
311            3163084        512            
312            3163204        512            
313            3163364        512            
314            3163524        840            
315            3164012        512            
316            3164148        512            
317            3164284        512            
318            3164420        512            
319            3249708        1192           
320            3250524        1056           
321            3251188        512            
322            3251340        328            
323            3343884        512            
324            3344036        512            
325            3344188        512            
326            3344340        512            
327            3344492        512            
328            3344644        512            
329            3344780        512            
330            3344820        512            
331            3344940        512            
332            3345100        512            
333            3345260        840            
334            3345748        512            
335            3577736        512            
336            3577872        512            
337            3578008        840            
338            3578472        864            
339            3578960        1056           
340            3579624        512            
341            3596208        840            
342            3596688        512            
343            3596840        512            
344            3596992        512            
345            3597144        512            
346            3597296        512            
347            3597432        512            
348            3597472        512            
349            3597592        512            
350            3597752        512            
351            3597912        328            
352            3653912        512            
353            3654072        512            
354            3654208        512            
355            3654344        512            
356            3654480        840            
357            3654944        864            
358            3655432        512            
359            3655464        840            
360            3661144        1384           
361            3662168        512            
362            3662320        512            
363            3662472        512            
364            3662624        512            
365            3662776        512            
366            3662912        512            
367            3662952        512            
368            3663072        512            
369            3720972        512            
370            3721132        512            
371            3721292        840            
372            3721780        512            
373            3721916        512            
374            3722052        512            
375            3722188        840            
376            3722652        352            
377            3744312        512            
378            3744448        1384           
379            3745472        840            
380            3745952        512            
381            3746104        512            
382            4173432        512            
383            4173584        512            
384            4173736        512            
385            4173872        512            
386            4173912        512            
387            4174032        512            
388            4174192        512            
389            4174352        840            
390            4174840        512            
391            4174976        512            
392            4175112        512            
393            4175248        512            
394            4521868        1192           
395            4522684        1056           
396            4523348        512            
397            4523500        328            
398            4576164        512            
399            4576316        512            
400            4576468        512            
401            4576620        512            
402            4576772        512            
403            4576924        512            
404            4577060        512            
405            4577100        512            
406            4577220        512            
407            4577380        512            
408            4577540        840            
409            4578028        512            
410            4696812        512            
411            4696948        512            
412            4697084        840            
413            4697548        864            
414            4698036        1056           
415            4698700        512            
416            4733948        840            
417            4734428        512            
418            4734580        512            
419            4734732        512            
420            4734884        512            
421            4735036        512            
422            4735172        512            
423            4735212        512            
424            4735332        512            
425            4735492        512            
426            4735652        328            
427            4976108        512            
428            4976268        512            
429            4976404        512            
430            4976540        512            
431            4976676        840            
432            4977140        864            
433            4977628        512            
434            4977748        512            
435            4977900        512            
436            5001644        1384           
437            5002668        512            
438            5002820        512            
439            5002972        512            
440            5003124        512            
441            5003260        512            
442            5003300        512            
443            5003420        512            
444            5205992        512            
445            5206152        840            
446            5206640        512            
447            5206776        512            
448            5206912        512            
449            5207048        840            
450            5207512        864            
451            5208000        512            
452            5256868        1056           
453            5257532        840            
454            5258012        840            
455            5258492        512            
456            5258644        512            
457            5258796        512            
458            5276884        512            
459            5277036        512            
460            5277188        512            
461            5277324        512            
462            5277364        512            
463            5277524        512            
464            5277684        840            
465            5278172        512            
466            5278308        512            
467            5278444        512            
468            5278580        328            
469            5328004        512            
470            5328140        864            
471            5328628        1056           
472            5329292        512            
473            5329444        840            
474            5329924        512            
475            5345564        512            
476            5345716        512            
477            5345868        512            
478            5346020        512            
479            5346172        512            
480            5346308        512            
481            5346348        512            
482            5346508        512            
483            5346668        840            
484            5347156        512            
485            5347292        512            
486            5347428        512            
487            5418868        840            
488            5419332        864            
489            5419820        1056           
490            5420484        512            
491            5420636        512            
492            5420788        512            
493            5441316        840            
494            5441796        512            
495            5441948        512            
496            5442100        512            
497            5442252        512            
498            5442388        512            
499            5442428        512            
500            5442588        512            
501            5442748        840            
502            5443236        512            
503            5638648        512            
504            5638784        512            
505            5638920        512            
506            5639056        840            
507            5639520        864            
508            5640008        1056           
509            5659592        512            
510            5659744        840            
511            5660224        512            
512            5660376        512            
513            5660528        512            
514            5660680        512            
515            5660832        512            
516            5660968        512            
517            5661008        512            
518            5661168        512            
519            5661328        512            
520            5661488        512            
521            5689304        840            
522            5689768        512            
523            5689904        840            
524            5690368        864            
525            5690856        512            
526            5690976        328            
527            5696056        1056           
528            5696752        840            
529            5697232        512            
530            5697384        512            
531            5697536        512            
532            5697688        512            
533            5697840        512            
534            5697976        512            
535            5867672        512            
536            5867792        512            
537            5867952        512            
538            5868112        840            
539            5868600        512            
540            5868736        512            
541            5868872        512            
542            5869008        840            
543            5869472        512            
544            5913804        1408           
545            5914852        840            
546            5915332        512            
547            5915484        512            
548            5915636        512            
549            6012364        512            
550            6012516        512            
551            6012652        512            
552            6012692        512            
553            6012812        512            
554            6012972        512            
555            6013132        840            
556            6013620        512            
557            6013756        512            
558            6013892        512            
559            6014028        328            
560            6044008        512            
561            6044144        864            
562            6044632        1056           
563            6045296        512            
564            6045448        840            
565            6045928        512            
566            6141656        512            
567            6141808        512            
568            6141960        512            
569            6142112        512            
570            6142264        512            
571            6142400        512            
572            6142440        512            
573            6142600        512            
574            6142760        840            
575            6143248        512            
576            6143384        512            
577            6143520        512            
578            6489376        840            
579            6489840        864            
580            6490328        1056           
581            6490992        512            
582            6491144        512            
583            6491296        512            
584            6522784        840            
585            6523264        512            
586            6523416        512            
587            6523568        512            
588            6523720        512            
589            6523856        512            
590            6523896        512            
591            6524056        512            
592            6524216        840            
593            6524704        512            
594            6624132        512            
595            6624268        512            
596            6624404        512            
597            6624540        840            
598            6625004        864            
599            6625492        1056           
600            6634108        840            
601            6634588        840            
602            6635068        512            
603            6635220        512            
604            6635372        512            
605            6635524        512            
606            6635676        512            
607            6635812        512            
608            6635852        512            
609            6636012        512            
610            6714972        512            
611            6715132        840            
612            6715620        512            
613            6715756        512            
614            6715892        840            
615            6716356        864            
616            6716844        512            
617            6716876        512            
618            6732576        1056           
619            6733272        840            
620            6733752        512            
621            6733904        512            
622            6734056        512            
623            6734208        512            
624            6734360        512            
625            6734496        512            
626            7150908        512            
627            7151068        512            
628            7151228        840            
629            7151716        512            
630            7151852        512            
631            7151988        512            
632            7152124        840            
633            7152588        352            
634            7252204        512            
635            7252340        1056           
636            7253036        840            
637            7253516        512            
638            7253668        512            
639            7253820        512            
640            7253972        512            
641            7254124        512            
642            7432316        512            
643            7432452        512            
644            7432492        512            
645            7432652        512            
646            7432812        840            
647            7433300        512            
648            7433436        512            
649            7433572        512            
650            7433708        840            
651            7434172        512            
652            7491292        1408           
653            7492308        512            
654            7492460        840            
655            7492940        512            
656            7493092        512            
657            7523268        512            
658            7523420        512            
659            7523572        512            
660            7523708        512            
661            7523748        512            
662            7523868        512            
663            7524028        512            
664            7524188        840            
665            7524676        512            
666            7524812        512            
667            7524948        512            
668            7525084        512            
669            7552100        1192           
670            7552916        1056           
671            7553580        840            
672            7564676        840            
673            7565156        512            
674            7565308        512            
675            7565460        512            
676            7565612        512            
677            7565764        512            
678            7565900        512            
679            7565940        512            
680            7566060        512            
681            7566220        512            
682            7566380        328            
683            7716612        512            
684            7716772        512            
685            7716908        512            
686            7717044        512            
687            7717180        840            
688            7717644        864            
689            7718132        512            
690            7718252        512            
691            7718404        512            
692            7734916        1384           
693            7735940        512            
694            7736092        512            
695            7736244        512            
696            7736396        512            
697            7736532        512            
698            7736572        512            
699            7736692        512            
700            7862184        512            
701            7862344        840            
702            7862832        512            
703            7862968        512            
704            7863104        512            
705            7863240        840            
706            7863704        864            
707            7864192        512            
708            7888116        1056           
709            7888780        512            
710            7888932        840            
711            7889412        512            
712            7889564        512            
713            7889716        512            
714            7889868        512            
715            7890020        512            
716            7956804        512            
717            7956940        512            
718            7956980        512            
719            7957140        512            
720            7957300        840            
721            7957788        512            
722            7957924        512            
723            7958060        512            
724            7958196        840            
725            7958660        512            
726            7984072        1408           
727            7985088        512            
728            7985240        840            
729            7985720        512            
730            7985872        512            
731            8060240        512            
732            8060392        512            
733            8060544        512            
734            8060680        512            
735            8060720        512            
736            8060840        512            
737            8061000        512            
738            8061160        840            
739            8061648        512            
740            8061784        512            
741            8061920        512            
742            8062056        512            
743            8123788        1192           
744            8124604        1056           
745            8125268        840            
746            8135588        840            
747            8136068        512            
748            8136220        512            
749            8136372        512            
750            8136524        512            
751            8136676        512            
752            8136812        512            
753            8136852        512            
754            8136972        512            
755            8137132        512            
756            8137292        328            
757            8183540        512            
758            8183700        512            
759            8183836        512            
760            8183972        512            
761            8184108        840            
762            8184572        864            
763            8185060        512            
764            8185180        512            
765            8185332        512            
766            8190260        1760           
767            8191660        512            
768            8191812        512            
769            8191964        512            
770            8192100        512            
771            8192140        512            
772            8301008        512            
773            8301168        512            
774            8301328        840            
775            8301816        512            
776            8301952        512            
777            8302088        512            
778            8302224        840            
779            8302688        352            
780            8325260        512            
781            8325396        1056           
782            8326060        512            
783            8326212        840            
784            8326692        512            
785            8326844        512            
786            8326996        512            
787            8327148        512            
788            8388844        512            
789            8388980        512            
790            8389020        512            
791            8389140        512            
792            8389300        512            
793            8389460        840            
794            8389948        512            
795            8390084        512            
796            8390220        512            
797            8390356        840            
798            8409760        864            
799            8410248        1056           
800            8410912        512            
801            8411064        840            
802            8411544        512            
803            8475408        512            
804            8475560        512            
805            8475712        512            
806            8475864        512            
807            8476000        512            
808            8476040        512            
809            8476160        512            
810            8476320        512            
811            8476480        840            
812            8476968        512            
813            8477104        512            
814            8477240        512            
815            8533888        840            
816            8534352        864            
817            8534840        1056           
818            8535504        328            
819            8549072        512            
820            8549224        840            
821            8549704        512            
822            8549856        512            
823            8550008        512            
824            8550160        512            
825            8550312        512            
826            8550448        512            
827            8550488        512            
828            8550608        512            
829            8550768        512            
830            8550928        512            
831            8626616        840            
832            8627080        512            
833            8627216        512            
834            8627352        840            
835            8627816        864            
836            8628304        512            
837            8628424        512            
838            8642668        1384           
839            8643692        512            
840            8643844        512            
841            8643996        512            
842            8644148        512            
843            8644300        512            
844            8644436        512            
845            8644476        512            
846            8644596        512            
847            8702032        512            
848            8702192        512            
849            8702352        840            
850            8702840        512            
851            8702976        512            
852            8703112        512            
853            8703248        840            
854            8703712        352            
855            8721860        512            
856            8721996        1056           
857            8722692        840            
858            8723172        512            
859            8723324        512            
860            8723476        512            
861            8723628        512            
862            8723780        512            
863            9118900        512            
864            9119036        512            
865            9119076        512            
866            9119236        512            
867            9119396        840            
868            9119884        512            
869            9120020        512            
870            9120156        512            
871            9120292        840            
872            9120756        512            
873            9230348        1408           
874            9231364        512            
875            9231516        840            
876            9231996        512            
877            9232148        512            
878            9341948        512            
879            9342100        512            
880            9342252        512            
881            9342388        512            
882            9342428        512            
883            9342548        512            
884            9342708        512            
885            9342868        840            
886            9343356        512            
887            9343492        512            
888            9343628        512            
889            9343764        512            
890            9419252        1192           
891            9420068        1056           
892            9420732        840            
893            9431812        840            
894            9432292        512            
895            9432444        512            
896            9432596        512            
897            9432748        512            
898            9432900        512            
899            9433036        512            
900            9433076        512            
901            9433196        512            
902            9433356        512            
903            9433516        328            
904            9501728        512            
905            9501888        512            
906            9502024        512            
907            9502160        512            
908            9502296        840            
909            9502760        864            
910            9503248        512            
911            9503368        512            
912            9503520        512            
913            9511248        1384           
914            9512272        512            
915            9512424        512            
916            9512576        512            
917            9512728        512            
918            9512864        512            
919            9512904        512            
920            9513024        512            
921            9752432        512            
922            9752592        840            
923            9753080        512            
924            9753216        512            
925            9753352        512            
926            9753488        840            
927            9753952        864            
928            9754440        512            
929            9796940        1056           
930            9797604        512            
931            9797756        840            
932            9798236        512            
933            9798388        512            
934            9798540        512            
935            9798692        512            
936            9798844        512            
937            10026220       512            
938            10026356       512            
939            10026396       512            
940            10026556       512            
941            10026716       840            
942            10027204       512            
943            10027340       512            
944            10027476       512            
945            10027612       840            
946            10028076       512            
947            10101968       1408           
948            10102984       512            
949            10103136       840            
950            10103616       512            
951            10103768       512            
952            10246144       512            
953            10246296       512            
954            10246448       512            
955            10246584       512            
956            10246624       512            
957            10246744       512            
958            10246904       512            
959            10247064       840            
960            10247552       512            
961            10247688       512            
962            10247824       512            
963            10247960       512            
964            10336024       1192           
965            10336840       1056           
966            10337504       840            
967            10363736       840            
968            10364216       512            
969            10364368       512            
970            10364520       512            
971            10364672       512            
972            10364824       512            
973            10364960       512            
974            10365000       512            
975            10365120       512            
976            10365280       512            
977            10365440       328            
978            10520688       512            
979            10520848       512            
980            10520984       512            
981            10521120       512            
982            10521256       840            
983            10521720       864            
984            10522208       512            
985            10522328       512            
986            10522480       512            
987            10538064       1384           
988            10539088       512            
989            10539240       512            
990            10539392       512            
991            10539544       512            
992            10539680       512            
993            10539720       512            
994            10539840       512            
995            10590688       512            
996            10590848       840            
997            10591336       512            
998            10591472       512            
999            10591608       512            
1000           10591744       840            
1001           10592208       864            
1002           10592696       512            
1003           10600856       1056           
1004           10601520       512            
1005           10601672       840            
1006           10602152       512            
1007           10602304       512            
1008           10602456       512            
1009           10602608       512            
1010           10602760       512            
1011           10718712       512            
1012           10718848       512            
1013           10718888       512            
1014           10719048       512            
1015           10719208       840            
1016           10719696       512            
1017           10719832       512            
1018           10719968       512            
1019           10720104       840            
1020           10720568       512            
1021           10768224       1408           
1022           10769240       512            
1023           10769392       840            
1024           10769872       512            
1025           10770024       512            
1026           10816912       512            
1027           10817064       512            
1028           10817216       512            
1029           10817352       512            
1030           10817392       512            
1031           10817512       512            
1032           10817672       512            
1033           10817832       840            
1034           10818320       512            
1035           10818456       512            
1036           10818592       512            
1037           10818728       512            
1038           10861276       1192           
1039           10862092       1056           
1040           10862756       840            
1041           10885028       840            
1042           10885508       512            
1043           10885660       512            
1044           10885812       512            
1045           10885964       512            
1046           10886116       512            
1047           10886252       512            
1048           10886292       512            
1049           10886412       512            
1050           10886572       512            
1051           10886732       328            
1052           11028712       512            
1053           11028872       512            
1054           11029008       512            
1055           11029144       512            
1056           11029280       840            
1057           11029744       864            
1058           11030232       512            
1059           11030352       512            
1060           11030504       512            
1061           11043960       1384           
1062           11044984       512            
1063           11045136       512            
1064           11045288       512            
1065           11045440       512            
1066           11045576       512            
1067           11045616       512            
1068           11045736       512            
1069           11119616       512            
1070           11119776       840            
1071           11120264       512            
1072           11120400       512            
1073           11120536       512            
1074           11120672       840            
1075           11121136       864            
1076           11135280       1056           
1077           11135944       512            
1078           11136096       840            
1079           11136576       512            
1080           11136728       512            
1081           11136880       512            
1082           11137032       512            
1083           11137184       512            
1084           11218960       512            
1085           11219136       512            
1086           11219296       512            
1087           11219456       840            
1088           11219944       512            
1089           11220080       512            
1090           11220216       512            
1091           11220352       840            
1092           11220816       512            
1093           11253212       1408           
1094           11254228       512            
1095           11254380       840            
1096           11254860       512            
1097           11255012       512            
1098           11318468       512            
1099           11318620       512            
1100           11318772       512            
1101           11318948       512            
1102           11319068       512            
1103           11319228       512            
1104           11319388       840            
1105           11319876       512            
1106           11320012       512            
1107           11320148       512            
1108           11320284       512            
1109           11355060       1192           
1110           11355876       1056           
1111           11356540       840            
1112           11376292       840            
1113           11376772       512            
1114           11376924       512            
1115           11377076       512            
1116           11377228       512            
1117           11377380       512            
1118           11377556       512            
1119           11377676       512            
1120           11377836       512            
1121           11377996       328            
1122           11543704       512            
1123           11543864       512            
1124           11544000       512            
1125           11544136       512            
1126           11544272       840            
1127           11544736       864            
1128           11545224       512            
1129           11545344       512            
1130           11545496       512            
1131           11562408       1384           
1132           11563432       512            
1133           11563584       512            
1134           11563736       512            
1135           11563888       512            
1136           11564064       512            
1137           11564184       512            
1138           11636920       512            
1139           11637080       840            
1140           11637568       512            
1141           11637704       512            
1142           11637840       512            
1143           11637976       840            
1144           11638440       864            
1145           11652416       1056           
1146           11653080       512            
1147           11653232       840            
1148           11653712       512            
1149           11653864       512            
1150           11654016       512            
1151           11654168       512            
1152           11654320       512            
1153           11905648       512            
1154           11905824       512            
1155           11905984       512            
1156           11906144       840            
1157           11906632       512            
1158           11906768       512            
1159           11906904       512            
1160           11907040       840            
1161           11907504       512            
1162           11993500       1408           
1163           11994516       512            
1164           11994668       840            
1165           11995148       512            
1166           11995300       512            
1167           12154948       512            
1168           12155100       512            
1169           12155252       512            
1170           12155428       512            
1171           12155548       512            
1172           12155708       512            
1173           12155868       840            
1174           12156356       512            
1175           12156492       512            
1176           12156628       512            
1177           12156764       512            
1178           12245656       1192           
