Segment        Offset         Length         
0              0              8              
1              0              16             
2              16             80             
3              96             512            
4              136            544            
5              680            512            
6              800            512            
7              840            544            
8              1384           512            
9              1504           328            
10             1832           512            
11             1984           328            
12             2312           512            
13             2464           512            
14             2616           512            
15             2768           512            
16             2920           512            
17             3072           512            
18             3208           512            
19             3248           512            
20             3368           512            
21             3528           512            
22             3688           328            
23             4016           512            
24             4176           512            
25             4312           512            
26             4448           512            
27             4584           328            
28             4912           512            
29             5048           352            
30             5400           512            
31             5536           544            
32             6080           512            
33             6200           512            
34             6352           328            
35             6680           512            
36             6832           512            
37             6984           512            
38             7136           512            
39             7288           512            
40             7440           512            
41             7576           512            
42             7616           512            
43             7736           512            
44             7896           512            
45             8056           328            
46             8384           512            
47             8544           512            
48             8680           512            
49             8816           512            
50             8952           328            
51             9280           512            
52             9416           352            
53             9768           512            
54             9904           544            
55             10448          512            
56             10568          512            
57             10720          328            
58             11048          512            
59             11200          512            
60             11352          512            
61             11504          512            
62             11656          512            
63             11808          512            
64             11944          512            
65             11984          512            
66             12104          512            
67             12264          512            
68             12424          328            
69             12752          512            
70             12912          512            
71             13048          512            
72             13184          512            
73             13320          328            
74             13648          512            
75             13784          352            
76             14136          512            
77             14272          544            
78             14816          512            
79             14936          512            
80             15088          328            
81             15416          512            
82             15568          512            
83             15720          512            
84             15872          512            
85             16024          512            
86             16176          512            
87             16312          512            
88             16352          512            
89             16472          512            
90             16632          512            
91             16792          328            
92             17120          512            
93             17280          512            
94             17416          512            
95             17552          512            
96             17688          328            
97             18016          512            
98             18152          352            
99             18504          512            
100            18640          544            
101            19184          512            
102            19304          512            
103            19456          328            
104            19784          512            
105            19936          512            
106            20088          512            
107            20240          512            
108            20392          512            
109            20544          512            
110            20680          512            
111            20720          512            
112            20840          512            
113            21000          512            
114            21160          328            
115            21488          512            
116            21648          512            
117            21784          512            
118            21920          512            
119            22056          328            
120            22384          512            
121            22520          352            
122            22872          512            
123            23008          544            
124            23552          512            
125            23672          512            
126            23824          328            
127            24152          512            
128            24304          512            
129            24456          512            
130            24608          512            
131            24760          512            
132            24912          512            
133            25048          512            
134            25088          512            
135            25208          512            
136            25368          512            
137            25528          328            
138            25856          512            
139            26016          512            
140            26152          512            
141            26288          512            
142            26424          328            
143            26752          512            
144            26888          352            
145            27240          512            
146            27376          544            
147            27920          512            
148            28040          512            
149            28192          328            
150            28520          512            
151            28672          512            
152            28824          512            
153            28976          512            
154            29128          512            
155            29280          512            
156            29416          512            
157            29456          512            
158            29576          512            
159            29736          512            
160            29896          328            
161            30224          512            
162            30384          512            
163            30520          512            
164            30656          512            
165            30792          328            
166            31120          512            
167            31256          352            
168            31608          512            
169            31744          544            
170            32288          512            
171            32408          512            
172            32560          328            
173            32888          512            
174            33040          512            
175            33192          512            
176            33344          512            
177            33496          512            
178            33648          512            
179            33784          512            
180            33824          512            
181            33944          512            
182            34104          512            
183            34264          328            
184            34592          512            
185            34752          512            
186            34888          512            
187            35024          512            
188            35160          328            
189            35488          512            
190            35624          352            
191            35976          512            
192            36112          544            
193            36656          512            
194            36688          512            
195            36952          328            
196            37280          512            
197            37432          328            
198            37760          512            
199            37912          512            
200            38064          512            
201            38216          512            
202            38368          512            
203            38520          512            
204            38656          512            
205            38696          512            
206            38816          512            
207            38976          512            
208            39136          328            
209            39464          512            
210            39624          512            
211            39760          512            
212            39896          512            
213            40032          328            
214            40360          512            
215            40496          352            
216            40848          512            
217            40984          544            
218            41528          512            
219            41648          512            
220            41800          328            
221            42128          512            
222            42280          512            
223            42432          512            
224            42584          512            
225            42736          512            
226            42888          512            
227            43024          512            
228            43064          512            
229            43184          512            
230            43344          512            
231            43504          328            
232            43832          512            
233            43992          512            
234            44128          512            
235            44264          512            
236            44400          328            
237            44728          512            
238            44864          352            
239            45216          512            
240            45352          544            
241            45896          512            
242            46016          512            
243            46168          328            
244            46496          512            
245            46648          512            
246            46800          512            
247            46952          512            
248            47104          512            
249            47256          512            
250            47392          512            
251            47432          512            
252            47552          512            
253            47712          512            
254            47872          328            
255            48200          512            
256            48360          512            
257            48496          512            
258            48632          512            
259            48768          328            
260            49096          512            
261            49232          352            
262            49584          512            
263            49720          544            
264            50264          512            
265            50384          512            
266            50536          328            
267            50864          512            
268            51016          512            
269            51168          512            
270            51320          512            
271            51472          512            
272            51624          512            
273            51760          512            
274            51800          512            
275            51920          512            
276            52080          512            
277            52240          328            
278            52568          512            
279            52728          512            
280            52864          512            
281            53000          512            
282            53136          328            
283            53464          512            
284            53600          352            
285            53952          512            
286            54088          544            
287            54632          512            
288            54752          328            
289            55080          512            
290            55232          328            
291            55560          512            
292            55712          512            
293            55864          512            
294            56016          512            
295            56168          512            
296            56320          512            
297            56456          512            
298            56496          512            
299            56616          512            
300            56776          512            
301            56936          328            
302            57264          512            
303            57424          512            
304            57560          512            
305            57696          512            
306            57832          328            
307            58160          512            
308            58296          352            
309            58648          512            
310            58784          544            
311            59328          512            
312            59448          512            
313            59600          328            
314            59928          512            
315            60080          512            
316            60232          512            
317            60384          512            
318            60536          512            
319            60688          512            
320            60824          512            
321            60864          512            
322            60984          512            
323            61144          512            
324            61304          328            
325            61632          512            
326            61792          512            
327            61928          512            
328            62064          512            
329            62200          328            
330            62528          512            
331            62664          352            
332            63016          512            
333            63152          544            
334            63696          512            
335            63816          512            
336            63968          328            
337            64296          512            
338            64448          512            
339            64600          512            
340            64752          512            
341            64904          512            
342            65056          512            
343            65192          512            
344            65232          512            
345            65352          512            
346            65512          512            
347            65672          328            
348            66000          512            
349            66160          512            
350            66296          512            
351            66432          512            
352            66568          328            
353            66896          512            
354            67032          352            
355            67384          512            
356            67520          544            
357            68064          512            
358            68184          512            
359            68336          328            
360            68664          512            
361            68816          512            
362            68968          512            
363            69120          512            
364            69272          512            
365            69424          512            
366            69560          512            
367            69600          512            
368            69720          512            
369            69880          512            
370            70040          328            
371            70368          512            
372            70528          512            
373            70664          512            
374            70800          512            
375            70936          328            
376            71264          512            
377            71400          352            
378            71752          512            
379            71888          544            
380            72432          512            
381            72552          328            
382            72880          512            
383            73032          328            
384            73360          512            
385            73512          512            
386            73664          512            
387            73816          512            
388            73968          512            
389            74120          512            
390            74256          512            
391            74296          512            
392            74416          512            
393            74576          512            
394            74736          328            
395            75064          512            
396            75224          512            
397            75360          512            
398            75496          512            
399            75632          328            
400            75960          512            
401            76096          352            
402            76448          512            
403            76584          544            
404            77128          512            
405            77248          512            
406            77400          328            
407            77728          512            
408            77880          512            
409            78032          512            
410            78184          512            
411            78336          512            
412            78488          512            
413            78624          512            
414            78664          512            
415            78784          512            
416            78944          512            
417            79104          328            
418            79432          512            
419            79592          512            
420            79728          512            
421            79864          512            
422            80000          328            
423            80328          512            
424            80464          352            
425            80816          512            
426            80952          544            
427            81496          512            
428            81616          512            
429            81768          328            
430            82096          512            
431            82248          512            
432            82400          512            
433            82552          512            
434            82704          512            
435            82856          512            
436            82992          512            
437            83032          512            
438            83152          512            
439            83312          512            
440            83472          328            
441            83800          512            
442            83960          512            
443            84096          512            
444            84232          512            
445            84368          328            
446            84696          512            
447            84832          352            
448            85184          512            
449            85320          544            
450            85864          512            
451            85896          512            
452            86048          512            
453            86200          512            
454            86336          328            
455            86664          512            
456            86816          512            
457            86968          512            
458            87120          512            
459            87272          512            
460            87424          512            
461            87560          512            
462            87600          512            
463            87720          512            
464            87880          512            
465            88040          328            
466            88368          512            
467            88528          512            
468            88664          512            
469            88800          512            
470            88936          328            
471            89264          512            
472            89400          352            
473            89752          512            
474            89888          544            
475            90432          512            
476            90552          328            
477            90880          512            
478            91032          328            
479            91360          512            
480            91512          512            
481            91664          512            
482            91816          512            
483            91968          512            
484            92120          512            
485            92256          512            
486            92296          512            
487            92416          512            
488            92576          512            
489            92736          328            
490            93064          512            
491            93224          512            
492            93360          512            
493            93496          512            
494            93632          328            
495            93960          512            
496            94096          352            
497            94448          512            
498            94584          544            
499            95128          512            
500            95248          512            
501            95400          328            
502            95728          512            
503            95880          512            
504            96032          512            
505            96184          512            
506            96336          512            
507            96488          512            
508            96624          512            
509            96664          512            
510            96784          512            
511            96944          512            
512            97104          328            
513            97432          512            
514            97592          512            
515            97728          512            
516            97864          512            
517            98000          328            
518            98328          512            
519            98464          352            
520            98816          512            
521            98952          544            
522            99496          512            
523            99616          512            
524            99768          328            
525            100096         512            
526            100248         512            
527            100400         512            
528            100552         512            
529            100704         512            
530            100856         512            
531            100992         512            
532            101032         512            
533            101152         512            
534            101312         512            
535            101472         328            
536            101800         512            
537            101960         512            
538            102096         512            
539            102232         512            
540            102368         328            
541            102696         512            
542            102832         352            
543            103184         512            
544            103320         544            
545            103864         512            
546            103984         512            
547            104136         328            
548            104464         512            
549            104616         512            
550            104768         512            
551            104920         512            
552            105072         512            
553            105224         512            
554            105360         512            
555            105400         512            
556            105520         512            
557            105680         512            
558            105840         328            
559            106168         512            
560            106328         512            
561            106464         512            
562            106600         512            
563            106736         328            
564            107064         512            
565            107200         352            
566            107552         512            
567            107688         544            
568            108232         512            
569            108352         328            
570            108680         512            
571            108832         328            
572            109160         512            
573            109312         512            
574            109464         512            
575            109616         512            
576            109768         512            
577            109920         512            
578            110056         512            
579            110096         512            
580            110216         512            
581            110376         512            
582            110536         328            
583            110864         512            
584            111024         512            
585            111160         512            
586            111296         512            
587            111432         328            
588            111760         512            
589            111896         352            
590            112248         512            
591            112384         544            
592            112928         512            
593            113048         512            
594            113200         328            
595            113528         512            
596            113680         512            
597            113832         512            
598            113984         512            
599            114136         512            
600            114288         512            
601            114424         512            
602            114464         512            
603            114584         512            
604            114744         512            
605            114904         328            
606            115232         512            
607            115392         512            
608            115528         512            
609            115664         512            
610            115800         328            
611            116128         512            
612            116264         352            
613            116616         512            
614            116752         544            
615            117296         512            
616            117416         512            
617            117568         328            
618            117896         512            
619            118048         512            
620            118200         512            
621            118352         512            
622            118504         512            
623            118656         512            
624            118792         512            
625            118832         512            
626            118952         512            
627            119112         512            
628            119272         328            
629            119600         512            
630            119760         512            
631            119896         512            
632            120032         512            
633            120168         328            
634            120496         512            
635            120632         352            
636            120984         512            
637            121120         544            
638            121664         512            
639            121784         512            
640            121936         328            
641            122264         512            
642            122416         512            
643            122568         512            
644            122720         512            
645            122872         512            
646            123024         512            
647            123160         512            
648            123200         512            
649            123320         512            
650            123480         512            
651            123640         328            
652            123968         512            
653            124128         512            
654            124264         512            
655            124400         512            
656            124536         328            
657            124864         512            
658            125000         352            
659            125352         512            
660            125488         544            
661            126032         512            
662            126152         328            
663            126480         512            
664            126632         328            
665            126960         512            
666            127112         512            
667            127264         512            
668            127416         512            
669            127568         512            
670            127720         512            
671            127856         512            
672            127896         512            
673            128016         512            
674            128176         512            
675            128336         328            
676            128664         512            
677            128824         512            
678            128960         512            
679            129096         512            
680            129232         328            
681            129560         512            
682            129696         352            
683            130048         512            
684            130184         544            
685            130728         512            
686            130848         512            
687            131000         328            
688            131328         512            
689            131480         512            
690            131632         512            
691            131784         512            
692            131936         512            
693            132088         512            
694            132224         512            
695            132264         512            
696            132384         512            
697            132544         512            
698            132704         328            
699            133032         512            
700            133192         512            
701            133328         512            
702            133464         512            
703            133600         328            
704            133928         512            
705            134064         352            
706            134416         512            
707            134552         544            
708            135096         512            
709            135216         512            
710            135368         328            
711            135696         512            
712            135848         512            
713            136000         512            
714            136152         512            
715            136304         512            
716            136456         512            
717            136592         512            
718            136632         512            
719            136752         512            
720            136912         512            
721            137072         328            
722            137400         512            
723            137560         512            
724            137696         512            
725            137832         512            
726            137968         328            
727            138296         512            
728            138432         352            
729            138784         512            
730            138920         544            
731            139464         512            
732            139584         512            
733            139736         328            
734            140064         512            
735            140216         512            
736            140368         512            
737            140520         512            
738            140672         512            
739            140824         512            
740            140960         512            
741            141000         512            
742            141120         512            
743            141280         512            
744            141440         328            
745            141768         512            
746            141928         512            
747            142064         512            
748            142200         512            
749            142336         328            
750            142664         512            
751            142800         352            
752            143152         512            
753            143288         544            
754            143832         512            
755            143952         328            
756            144280         512            
757            144432         328            
758            144760         512            
759            144912         512            
760            145064         512            
761            145216         512            
762            145368         512            
763            145520         512            
764            145656         512            
765            145696         512            
766            145816         512            
767            145976         512            
768            146136         328            
769            146464         512            
770            146624         512            
771            146760         512            
772            146896         512            
773            147032         328            
774            147360         512            
775            147496         352            
776            147848         512            
777            147984         544            
778            148528         512            
779            148648         512            
780            148800         328            
781            149128         512            
782            149280         512            
783            149432         512            
784            149584         512            
785            149736         512            
786            149888         512            
787            150024         512            
788            150064         512            
789            150184         512            
790            150344         512            
791            150504         328            
792            150832         512            
793            150992         512            
794            151128         512            
795            151264         512            
796            151400         328            
797            151728         512            
798            151864         352            
799            152216         512            
800            152352         544            
801            152896         512            
802            153016         512            
803            153168         328            
804            153496         512            
805            153648         512            
806            153800         512            
807            153952         512            
808            154104         512            
809            154256         512            
810            154392         512            
811            154432         512            
812            154552         512            
813            154712         512            
814            154872         328            
815            155200         512            
816            155360         512            
817            155496         512            
818            155632         512            
819            155768         328            
820            156096         512            
821            156232         352            
822            156584         512            
823            156720         544            
824            157264         512            
825            157384         512            
826            157536         328            
827            157864         512            
828            158016         512            
829            158168         512            
830            158320         512            
831            158472         512            
832            158624         512            
833            158760         512            
834            158800         512            
835            158920         512            
836            159080         512            
837            159240         328            
838            159568         512            
839            159728         512            
840            159864         512            
841            160000         512            
842            160136         328            
843            160464         512            
844            160600         352            
845            160952         512            
846            161088         544            
847            161632         512            
848            161752         328            
849            162080         512            
850            162232         328            
851            162560         512            
852            162712         512            
853            162864         512            
854            163016         512            
855            163168         512            
856            163320         512            
857            163456         512            
858            163496         512            
859            163616         512            
860            163776         512            
861            163936         328            
862            164264         512            
863            164424         512            
864            164560         512            
865            164696         512            
866            164832         328            
867            165160         512            
868            165296         352            
869            165648         512            
870            165784         544            
871            166328         512            
872            166448         512            
873            166600         328            
874            166928         512            
875            167080         512            
876            167232         512            
877            167384         512            
878            167536         512            
879            167688         512            
880            167824         512            
881            167864         512            
882            167984         512            
883            168144         512            
884            168304         328            
885            168632         512            
886            168792         512            
887            168928         512            
888            169064         512            
889            169200         328            
890            169528         512            
891            169664         352            
892            170016         512            
893            170152         544            
894            170696         512            
895            170816         512            
896            170968         328            
897            171296         512            
898            171448         512            
899            171600         512            
900            171752         512            
901            171904         512            
902            172056         512            
903            172192         512            
904            172232         512            
905            172352         512            
906            172512         512            
907            172672         328            
908            173000         512            
909            173160         512            
910            173296         512            
911            173432         512            
912            173568         328            
913            173896         512            
914            174032         352            
915            174384         512            
916            174520         544            
917            175064         512            
918            175184         512            
919            175336         328            
920            175664         512            
921            175816         512            
922            175968         512            
923            176120         512            
924            176272         512            
925            176424         512            
926            176560         512            
927            176600         512            
928            176720         512            
929            176880         512            
930            177040         328            
931            177368         512            
932            177528         512            
933            177664         512            
934            177800         512            
935            177936         328            
936            178264         512            
937            178400         352            
938            178752         512            
939            178888         544            
940            179432         512            
941            179552         328            
942            179880         512            
943            180032         328            
944            180360         512            
945            180512         512            
946            180664         512            
947            180816         512            
948            180968         512            
949            181120         512            
950            181256         512            
951            181296         512            
952            181416         512            
953            181576         512            
954            181736         328            
955            182064         512            
956            182224         512            
957            182360         512            
958            182496         512            
959            182632         328            
960            182960         512            
961            183096         352            
962            183448         512            
963            183584         544            
964            184128         512            
965            184248         704            
966            184952         328            
967            185280         512            
968            185432         512            
969            185584         512            
970            185736         512            
971            185888         512            
972            186024         512            
973            186064         512            
974            186224         512            
975            186384         328            
976            186712         512            
977            186872         512            
978            187008         512            
979            187144         512            
980            187280         328            
981            187608         512            
982            187744         352            
983            188096         512            
984            188232         544            
985            188776         512            
986            188896         512            
987            189048         328            
988            189376         512            
989            189528         512            
990            189680         512            
991            189832         512            
992            189984         512            
993            190136         512            
994            190272         512            
995            190312         512            
996            190432         512            
997            190592         512            
998            190752         328            
999            191080         512            
1000           191240         512            
1001           191376         512            
1002           191512         512            
1003           191648         328            
1004           191976         512            
1005           192112         352            
1006           192464         512            
1007           192600         544            
1008           193144         512            
1009           193264         512            
1010           193416         328            
1011           193744         512            
1012           193896         512            
1013           194048         512            
1014           194200         512            
1015           194352         512            
1016           194504         512            
1017           194640         512            
1018           194680         512            
1019           194800         512            
1020           194960         512            
1021           195120         328            
1022           195448         512            
1023           195608         512            
1024           195744         512            
1025           195880         512            
1026           196016         328            
1027           196344         512            
1028           196480         352            
1029           196832         512            
1030           196968         544            
1031           197512         512            
1032           197632         328            
1033           197960         512            
1034           198112         328            
1035           198440         512            
1036           198592         512            
1037           198744         512            
1038           198896         512            
1039           199048         512            
1040           199200         512            
1041           199336         512            
1042           199376         512            
1043           199496         512            
1044           199656         512            
1045           199816         328            
1046           200144         512            
1047           200304         512            
1048           200440         512            
1049           200576         512            
1050           200712         328            
1051           201040         512            
1052           201176         352            
1053           201528         512            
1054           201664         544            
1055           202208         512            
1056           202328         512            
1057           202480         328            
1058           202808         512            
1059           202960         512            
1060           203112         512            
1061           203264         512            
1062           203416         512            
1063           203568         512            
1064           203704         512            
1065           203744         512            
1066           203864         512            
1067           204024         512            
1068           204184         328            
1069           204512         512            
1070           204672         512            
1071           204808         512            
1072           204944         512            
1073           205080         328            
1074           205408         512            
1075           205544         352            
1076           205896         512            
1077           206032         544            
1078           206576         512            
1079           206696         512            
1080           206848         328            
1081           207176         512            
1082           207328         512            
1083           207480         512            
1084           207632         512            
1085           207784         512            
1086           207936         512            
1087           208072         512            
1088           208112         512            
1089           208232         512            
1090           208392         512            
1091           208552         328            
1092           208880         512            
1093           209040         512            
1094           209176         512            
1095           209312         512            
1096           209448         328            
1097           209776         512            
1098           209912         352            
1099           210264         512            
1100           210400         544            
1101           210944         512            
1102           211064         512            
1103           211216         328            
1104           211544         512            
1105           211696         512            
1106           211848         512            
1107           212000         512            
1108           212152         512            
1109           212304         512            
1110           212440         512            
1111           212480         512            
1112           212600         512            
1113           212760         512            
1114           212920         328            
1115           213248         512            
1116           213408         512            
1117           213544         512            
1118           213680         512            
1119           213816         328            
1120           214144         512            
1121           214280         352            
1122           214632         512            
1123           214768         544            
1124           215312         512            
1125           215432         328            
1126           215760         512            
1127           215912         328            
1128           216240         512            
1129           216392         512            
1130           216544         512            
1131           216696         512            
1132           216848         512            
1133           217000         512            
1134           217136         512            
1135           217176         512            
1136           217296         512            
1137           217456         512            
1138           217616         328            
1139           217944         512            
1140           218104         512            
1141           218240         512            
1142           218376         512            
1143           218512         328            
1144           218840         512            
1145           218976         352            
1146           219328         512            
1147           219464         544            
1148           220008         512            
1149           220128         512            
1150           220280         328            
1151           220608         512            
1152           220760         512            
1153           220912         512            
1154           221064         512            
1155           221216         512            
1156           221368         512            
1157           221504         512            
1158           221544         512            
1159           221664         512            
1160           221824         512            
1161           221984         328            
1162           222312         512            
1163           222472         512            
1164           222608         512            
1165           222744         512            
1166           222880         328            
1167           223208         512            
1168           223344         352            
1169           223696         512            
1170           223832         544            
1171           224376         512            
1172           224496         512            
1173           224648         328            
1174           224976         512            
1175           225128         512            
1176           225280         512            
1177           225432         512            
1178           225584         512            
1179           225736         512            
1180           225872         512            
1181           225912         512            
1182           226032         512            
1183           226192         512            
1184           226352         328            
1185           226680         512            
1186           226840         512            
1187           226976         512            
1188           227112         512            
1189           227248         328            
1190           227576         512            
1191           227712         352            
1192           228064         512            
1193           228200         544            
1194           228744         512            
1195           228864         512            
1196           229016         328            
1197           229344         512            
1198           229496         512            
1199           229648         512            
1200           229800         512            
1201           229952         512            
1202           230104         512            
1203           230240         512            
1204           230280         512            
1205           230400         512            
1206           230560         512            
1207           230720         328            
1208           231048         512            
1209           231208         512            
1210           231344         512            
1211           231480         512            
1212           231616         328            
1213           231944         512            
1214           232080         352            
1215           232432         512            
1216           232568         544            
1217           233112         512            
1218           233232         328            
1219           233560         512            
1220           233712         328            
1221           234040         512            
1222           234192         512            
1223           234344         512            
1224           234496         512            
1225           234648         512            
1226           234800         512            
1227           234936         512            
1228           234976         512            
1229           235096         512            
1230           235256         512            
1231           235416         328            
1232           235744         512            
1233           235904         512            
1234           236040         512            
1235           236176         512            
1236           236312         328            
1237           236640         512            
1238           236776         352            
1239           237128         512            
1240           237264         544            
1241           237808         512            
1242           237928         512            
1243           238080         328            
1244           238408         512            
1245           238560         512            
1246           238712         512            
1247           238864         512            
1248           239016         512            
1249           239168         512            
1250           239304         512            
1251           239344         512            
1252           239464         512            
1253           239624         512            
1254           239784         328            
1255           240112         512            
1256           240272         512            
1257           240408         512            
1258           240544         512            
1259           240680         328            
1260           241008         512            
1261           241144         352            
1262           241496         512            
1263           241632         544            
1264           242176         512            
1265           242296         512            
1266           242448         328            
1267           242776         512            
1268           242928         512            
1269           243080         512            
1270           243232         512            
1271           243384         512            
1272           243536         512            
1273           243672         512            
1274           243712         512            
1275           243832         512            
1276           243992         512            
1277           244152         328            
1278           244480         512            
1279           244640         512            
1280           244776         512            
1281           244912         512            
1282           245048         328            
1283           245376         512            
1284           245512         352            
1285           245864         512            
1286           246000         544            
1287           246544         512            
1288           246664         512            
1289           246816         328            
1290           247144         512            
1291           247296         512            
1292           247448         512            
1293           247600         512            
1294           247752         512            
1295           247904         512            
1296           248040         512            
1297           248080         512            
1298           248200         512            
1299           248360         512            
1300           248520         328            
1301           248848         512            
1302           249008         512            
1303           249144         512            
1304           249280         512            
1305           249416         328            
1306           249744         512            
1307           249880         352            
1308           250232         512            
1309           250368         544            
1310           250912         512            
1311           251032         328            
1312           251360         512            
1313           251512         328            
1314           251840         512            
1315           251992         512            
1316           252144         512            
1317           252296         512            
1318           252448         512            
1319           252600         512            
1320           252736         512            
1321           252776         512            
1322           252896         512            
1323           253056         512            
1324           253216         328            
1325           253544         512            
1326           253704         512            
1327           253840         512            
1328           253976         512            
1329           254112         328            
1330           254440         512            
1331           254576         352            
1332           254928         512            
1333           255064         544            
1334           255608         512            
1335           255728         512            
1336           255880         328            
1337           256208         512            
1338           256360         512            
1339           256512         512            
1340           256664         512            
1341           256816         512            
1342           256968         512            
1343           257104         512            
1344           257144         512            
1345           257264         512            
1346           257424         512            
1347           257584         328            
1348           257912         512            
1349           258072         512            
1350           258208         512            
1351           258344         512            
1352           258480         328            
1353           258808         512            
1354           258944         352            
1355           259296         512            
1356           259432         544            
1357           259976         512            
1358           260096         512            
1359           260248         328            
1360           260576         512            
1361           260728         512            
1362           260880         512            
1363           261032         512            
1364           261184         512            
1365           261336         512            
1366           261472         512            
1367           261512         512            
1368           261632         512            
1369           261792         512            
1370           261952         328            
1371           262280         512            
1372           262440         512            
1373           262576         512            
1374           262712         512            
1375           262848         328            
1376           263176         512            
1377           263312         352            
1378           263664         512            
1379           263800         544            
1380           264344         512            
1381           264464         512            
1382           264616         328            
1383           264944         512            
1384           265096         512            
1385           265248         512            
1386           265400         512            
1387           265552         512            
1388           265704         512            
1389           265840         512            
1390           265880         512            
1391           266000         512            
1392           266160         512            
1393           266320         328            
1394           266648         512            
1395           266808         512            
1396           266944         512            
1397           267080         512            
1398           267216         328            
1399           267544         512            
1400           267680         352            
1401           268032         512            
1402           268168         544            
1403           268712         512            
1404           268832         328            
1405           269160         512            
1406           269312         328            
1407           269640         512            
1408           269792         512            
1409           269944         512            
1410           270096         512            
1411           270248         512            
1412           270400         512            
1413           270536         512            
1414           270576         512            
1415           270696         512            
1416           270856         512            
1417           271016         328            
1418           271344         512            
1419           271504         512            
1420           271640         512            
1421           271776         512            
1422           271912         328            
1423           272240         512            
1424           272376         352            
1425           272728         512            
1426           272864         544            
1427           273408         512            
1428           273528         512            
1429           273680         328            
1430           274008         512            
1431           274160         512            
1432           274312         512            
1433           274464         512            
1434           274616         512            
1435           274768         512            
1436           274904         512            
1437           274944         512            
1438           275064         512            
1439           275224         512            
1440           275384         328            
1441           275712         512            
1442           275872         512            
1443           276008         512            
1444           276144         512            
1445           276280         328            
1446           276608         512            
1447           276744         352            
1448           277096         512            
1449           277232         544            
1450           277776         512            
1451           277896         512            
1452           278048         328            
1453           278376         512            
1454           278528         512            
1455           278680         512            
1456           278832         512            
1457           278984         512            
1458           279136         512            
1459           279272         512            
1460           279312         512            
1461           279432         512            
1462           279592         512            
1463           279752         328            
1464           280080         512            
1465           280240         512            
1466           280376         512            
1467           280512         512            
1468           280648         328            
1469           280976         512            
1470           281112         352            
1471           281464         512            
1472           281600         544            
1473           282144         512            
1474           282264         512            
1475           282416         328            
1476           282744         512            
1477           282896         512            
1478           283048         512            
1479           283200         512            
1480           283352         512            
1481           283504         512            
1482           283680         512            
1483           283800         512            
1484           283960         512            
1485           284120         328            
1486           284448         512            
1487           284608         512            
1488           284744         512            
1489           284880         512            
1490           285016         328            
1491           285344         512            
1492           285480         352            
1493           285832         512            
